9204	9210	694	463	736	477	769	486	819	488	863	511	916	519	983	527	1036	533	1097	533	
9201	9202	241	816	266	786	286	758	308	727	319	697
9201	9203	208	941	236	980	263	994	297	1025	319	1041	350	1055
9202	9205	455	672	516	697	555	713	583	730	613	750
9202	9204	430	602	472	577	511	547	541	519	558	497
9205	9207	780	780	833	780	891	777	938	775	983	766	1019	763
9207	9208	1086	841	1058	888	1036	927	1005	961	972	991	950	1016
9203	9206	480	1127	505	1147	533	1163	552	1166
9203	9205	480	1016	494	969	519	941	538	905	577	877	602	847	630	836
9207	9210	1125	697	1141	663	1150	636	1169	605
9210	9213	1305	538	1350	525	1394	508	1419	483	1458	458	1480	430
9213	9214	1577	450	1602	500	1622	538	1639	583
9214	9232	1619	713	1594	738	1561	769	1541	800	1508	830
9215	9216	1677	1161	1641	1188	1605	1222	1580	1244	1547	1255
9216	9217	1480	1366	1480	1408	1475	1438
9216	9218	1577	1322	1613	1358	1655	1386
9218	9224	1780	1547	1816	1566	1844	1588
9223	9228	2086	1133	2136	1086	2189	1050	2225	1038
9222	9227	2119	844	2183	822	2239	805
9227	9228	2314	833	2302	883	2302	927
9227	9231	2433	761	2483	744	2527	725	2572	708
9230	9231	2655	452	2658	525	2664	575	2647	613
9220	9221	1911	461	1925	500
9221	9222	1922	650	1922	725	1936	772	1961	805
9219	9225	1863	225	1933	227	1997	227	2052	219
9223	9229	2105	1238	2152	1263	2205	1308	2247	1344	2275	1363
9224	9229	2000	1552	2055	1505	2111	1486	2166	1472	2208	1461
9211	9232	1311	1086	1350	1055	1377	1025	1397	991	1419	950
9211	9216	1258	1175	1286	1205	1325	1227	1363	1250	1394	1269
9206	9208	683	1147	705	1130	733	1125	775	1108	816	1094
9207	9232	1208	794	1238	802	1266	816	1300	825	1347	841	1377	858
9209	9210	1213	322	1211	366	1211	402	1213	441	1205	497
9215	9232	1672	1047	1647	1036	1616	1005	1577	983	1541	955	
9212	9216	1219	1366	1258	1347	1291	1330	1333	1316	1394	1300	
9226	9231	2350	458	2377	469	2419	497	2461	527	2514	558	2566	597	
9226	9230	2361	388	2405	375	2452	366	2519	355	
9225	9226	2197	258	2227	308	2250	361	
9220	9226	1994	430	2055	438	2100	452	2177	447	
9214	9221	1780	658	1791	650	1827	641	1861	622	1897	600	
9219	9220	1791	258	1816	288	1838	333	
9208	9211	963	1083	1011	1086	1069	1086	1122	1097	