9204	9210	0.036	0.075	0.117	0.161	0.208	0.258	0.31	0.363	0.418	0.473	0.527	0.58	0.63	0.677	0.722	0.764	0.804	0.841	0.876	0.909	0.94	0.97
9201	9202	0.046	0.099	0.162	0.24	0.342	0.475	0.619	0.735	0.822	0.892	0.949
9201	9203	0.053	0.114	0.182	0.261	0.355	0.465	0.584	0.696	0.791	0.871	0.939
9202	9205	0.031	0.065	0.103	0.147	0.198	0.26	0.339	0.448	0.591	0.724	0.821	0.893	0.95
9202	9204	0.048	0.102	0.165	0.237	0.324	0.428	0.547	0.665	0.769	0.858	0.933
9205	9207	0.038	0.081	0.127	0.179	0.238	0.305	0.38	0.463	0.551	0.636	0.716	0.786	0.849	0.904	0.954
9207	9208	0.038	0.081	0.128	0.181	0.242	0.311	0.392	0.483	0.58	0.673	0.756	0.829	0.893	0.949
9203	9206	0.047	0.102	0.17	0.257	0.389	0.612	0.797	0.914
9203	9205	0.048	0.101	0.16	0.226	0.3	0.382	0.469	0.558	0.643	0.72	0.789	0.85	0.905	0.954
9207	9210	0.081	0.186	0.33	0.52	0.696	0.825	0.922
9210	9213	0.032	0.067	0.107	0.152	0.203	0.264	0.339	0.432	0.539	0.646	0.741	0.822	0.89	0.948
9213	9214	0.059	0.128	0.208	0.305	0.418	0.543	0.664	0.77	0.859	0.934
9214	9232	0.05	0.109	0.178	0.262	0.365	0.489	0.615	0.724	0.812	0.885	0.946
9215	9216	0.04	0.084	0.134	0.192	0.26	0.343	0.447	0.569	0.689	0.79	0.872	0.94
9216	9217	0.059	0.13	0.221	0.35	0.555	0.77	0.905
9216	9218	0.045	0.099	0.162	0.242	0.349	0.494	0.64	0.751	0.833	0.898	0.952
9218	9224	0.051	0.111	0.185	0.282	0.426	0.628	0.772	0.868	0.94
9223	9228	0.055	0.117	0.187	0.266	0.355	0.453	0.553	0.649	0.736	0.814	0.883	0.944
9222	9227	0.041	0.088	0.141	0.203	0.278	0.369	0.48	0.6	0.71	0.802	0.878	0.943
9227	9228	0.067	0.146	0.238	0.349	0.483	0.633	0.777	0.899
9227	9231	0.041	0.088	0.141	0.202	0.275	0.365	0.475	0.597	0.708	0.801	0.878	0.942
9230	9231	0.04	0.083	0.131	0.183	0.242	0.309	0.388	0.482	0.599	0.739	0.88
9220	9221	0.106	0.247	0.445	0.68	0.866
9221	9222	0.045	0.093	0.146	0.205	0.27	0.344	0.428	0.524	0.633	0.752	0.875
9219	9225	0.043	0.091	0.144	0.203	0.268	0.342	0.423	0.511	0.599	0.683	0.761	0.83	0.892	0.948
9223	9229	0.046	0.095	0.148	0.205	0.266	0.332	0.404	0.481	0.564	0.651	0.741	0.831	0.917
9224	9229	0.042	0.089	0.142	0.201	0.267	0.342	0.424	0.509	0.594	0.672	0.742	0.805	0.861	0.912	0.957
9211	9232	0.047	0.1	0.163	0.238	0.329	0.436	0.548	0.651	0.741	0.819	0.887	0.946
9211	9216	0.06	0.129	0.209	0.302	0.409	0.523	0.631	0.726	0.807	0.879	0.942
9206	9208	0.057	0.127	0.213	0.326	0.469	0.615	0.73	0.819	0.889	0.948
9207	9232	0.039	0.083	0.135	0.197	0.274	0.374	0.5	0.626	0.726	0.802	0.864	0.915	0.959
9209	9210	0.041	0.086	0.138	0.197	0.267	0.352	0.455	0.574	0.69	0.79	0.872	0.94
9215	9232	0.069	0.155	0.264	0.398	0.533	0.644	0.732	0.802	0.862	0.913	0.958
9212	9216	0.045	0.098	0.16	0.234	0.326	0.437	0.555	0.658	0.742	0.81	0.867	0.916	0.96
9226	9231	0.062	0.129	0.2	0.275	0.351	0.428	0.502	0.573	0.641	0.703	0.762	0.816	0.866	0.913	0.957
9226	9230	0.053	0.116	0.194	0.294	0.417	0.541	0.642	0.721	0.786	0.84	0.886	0.928	0.965
9225	9226	0.069	0.148	0.238	0.342	0.458	0.581	0.702	0.813	0.912
9220	9226	0.04	0.084	0.135	0.193	0.261	0.341	0.434	0.534	0.628	0.708	0.775	0.832	0.881	0.924	0.963
9214	9221	0.048	0.104	0.173	0.26	0.381	0.539	0.683	0.791	0.874	0.942
9219	9220	0.088	0.198	0.339	0.502	0.65	0.767	0.859	0.934
9208	9211	0.049	0.107	0.175	0.257	0.356	0.468	0.577	0.67	0.748	0.813	0.868	0.917	0.96
