7026	7029	1964	994	1936	1033	1880	1078	1804	1123	1734	1156	1649	1178
7001	7004	414	269	421	300
7001	7002	233	230	211	298	222	377
7001	7009	335	164	403	139	486	143
7009	7010	582	140	665	113	755	113
7002	7003	308	434	300	518	339	602
7003	7006	399	652	471	649	552	615	638	555
7006	7007	698	558	777	600	930	627	982	657
7005	7006	810	409	749	452	706	511
7005	7008	861	428	874	454	962	485	1016	482
7004	7005	574	383	623	398	734	384	797	378
7005	7010	867	369	875	321	875	248	855	184	
7010	7011	893	169	949	200	1042	215	1109	215	1197	243	1225	263
7007	7008	1023	654	1039	593	1052	533
7011	7012	1256	294	1298	310	1379	313	1481	295	1553	265
7012	7013	1604	205	1654	167	1719	141	1762	139
7013	7014	1882	146	1943	140	1993	143	2050	145	2104	156
7013	7019	1846	172	1878	194	1910	235	1932	274	1944	301
7019	7021	1932	347	1909	383	1876	419	1840	438
7021	7022	1833	479	1863	510	1913	548	1957	581	2016	607	2080	642	2106	651
7019	7020	2000	341	2033	356	2088	380	2130	404	2163	429
7018	7022	2545	704	2454	708	2380	714	2307	706	2245	705	2187	691
7020	7022	2183	502	2176	550	2156	606	2144	630
7014	7015	2189	198	2231	218	2285	229	2355	229	2451	216	2481	206
7016	7020	2449	402	2353	401	2278	412	2235	431
7015	7016	2476	215	2463	243	2456	330	2464	397
7016	7017	2500	427	2582	432	2671	417	2713	387
7017	7018	2727	397	2726	431	2707	503	2679	575	2627	650
7016	7018	2488	436	2512	486	2540	576	2564	650
7007	7023	1046	706	1116	702	1178	682	1244	639
7023	7024	1296	622	1328	650	1370	687	1400	704
7024	7025	1484	694	1540	678	1620	676	1705	687	1742	686
7025	7026	1792	709	1845	738	1908	790	1941	842	1966	907	1971	937
7024	7027	1456	754	1472	787	1476	811	1474	855
7027	7031	1457	933	1402	937	1349	954	1298	980
7031	7032	1214	983	1171	970	1123	938
7031	7030	1271	1134	1264	1084	1269	1036
7027	7028	1544	885	1585	881	1661	882	1713	902
7028	7029	1701	946	1669	1003	1645	1070	1630	1125	1626	1164
7029	7030	1535	1213	1444	1231	1369	1221	1319	1205	
7003	7033	342	655	326	703	329	792	335	863	355	915
7033	7034	405	971	425	988	448	1035
7034	7035	508	1054	604	1022	708	1013
7034	7040	473	1127	461	1149	415	1195	365	1228	294	1246
7040	7041	209	1284	202	1345	204	1394	231	1469
7035	7036	747	1070	697	1102	644	1148	587	1222
7036	7040	493	1270	406	1287	338	1288	271	1279	
7036	7043	578	1278	594	1323	591	1380	576	1399
7041	7042	277	1525	325	1555	373	1582	441	1594
7042	7043	511	1548	515	1482	537	1439
7037	7043	761	1313	681	1335	627	1361
7030	7035	1252	1202	1099	1172	913	1108	823	1054
7037	7038	957	1300	1025	1331	1078	1380	1108	1433
7043	7044	628	1398	667	1408	723	1446	781	1500
7038	7044	1096	1479	1045	1525	985	1559	926	1571	892	1567	858	1555	
7038	7039	1189	1481	1239	1499	1301	1508	1380	1506	1456	1481
7026	7050	1976	988	1989	1024	2000	1091	2000	1166	1990	1223	1992	1270
7026	7049	1987	983	2023	989	2106	991	2147	983
7018	7045	2603	714	2610	753	2626	809	2658	876
7047	7048	2503	1184	2565	1160	2646	1151	2731	1169
7048	7056	2814	1237	2826	1290	2824	1348	2807	1416
7055	7056	2551	1404	2574	1400	2630	1405	2686	1437
7047	7051	2416	1192	2340	1197	2258	1224
7050	7051	2000	1310	2035	1316	2106	1308	2176	1277
7051	7052	2191	1284	2190	1349	2203	1423
7052	7055	2264	1468	2343	1474	2435	1462	2504	1446
7039	7053	1546	1446	1583	1439	1650	1443	1709	1458
7052	7053	2164	1457	2099	1473	1944	1492	1817	1484	1758	1476
7052	7054	2181	1465	2153	1509	2105	1556	2060	1598
7046	7049	2425	1006	2384	1018	2329	1020	2244	1009	2196	992	
7046	7047	2477	1032	2479	1071	2471	1124	2464	1181
7045	7046	2589	954	2556	969	2517	981	
7025	7028	1769	731	1771	784	1759	866	1746	906
7022	7025	2067	677	1982	707	1912	715	1858	710	1792	706	
