7026	7029	0.111	0.19	0.254	0.309	0.359	0.406	0.451	0.495	0.537	0.579	0.621	0.663	0.706	0.75	0.795	0.842	0.891	0.943
7001	7004	0.033	0.072	0.119	0.178	0.264	0.433	0.724	0.84	0.907	0.958
7001	7002	0.092	0.185	0.272	0.351	0.428	0.504	0.584	0.671	0.773	0.895
7001	7009	0.138	0.249	0.346	0.435	0.52	0.604	0.69	0.78	0.879
7009	7010	0.188	0.294	0.382	0.461	0.534	0.605	0.673	0.74	0.806	0.872	0.936
7002	7003	0.138	0.235	0.315	0.387	0.456	0.526	0.597	0.675	0.766	0.882
7003	7006	0.097	0.207	0.289	0.357	0.417	0.473	0.526	0.579	0.631	0.685	0.743	0.806	0.881
7006	7007	0.136	0.215	0.275	0.326	0.373	0.417	0.46	0.503	0.546	0.59	0.637	0.688	0.748	0.832
7005	7006	0.157	0.265	0.356	0.439	0.521	0.603	0.693	0.799
7005	7008	0.142	0.269	0.367	0.453	0.533	0.612	0.694	0.783	0.884
7004	7005	0.072	0.155	0.235	0.307	0.372	0.433	0.492	0.549	0.607	0.666	0.729	0.8	0.884
7005	7010	0.172	0.289	0.38	0.461	0.537	0.611	0.687	0.769	0.863
7010	7011	0.09	0.158	0.216	0.268	0.316	0.362	0.406	0.45	0.494	0.539	0.585	0.634	0.689	0.752	0.838
7007	7008	0.207	0.34	0.449	0.548	0.64	0.73	0.818	0.907
7011	7012	0.125	0.223	0.291	0.348	0.4	0.448	0.494	0.541	0.587	0.635	0.686	0.742	0.807	0.891
7012	7013	0.088	0.175	0.26	0.345	0.431	0.519	0.609	0.703	0.8	0.899
7013	7014	0.069	0.14	0.213	0.289	0.366	0.445	0.526	0.607	0.688	0.768	0.847	0.924
7013	7019	0.113	0.215	0.311	0.405	0.498	0.595	0.7	0.822
7019	7021	0.129	0.253	0.373	0.492	0.614	0.739	0.869
7021	7022	0.124	0.212	0.287	0.355	0.419	0.48	0.539	0.599	0.658	0.719	0.782	0.848	0.92
7019	7020	0.128	0.227	0.315	0.397	0.478	0.558	0.642	0.733	0.84
7018	7022	0.053	0.105	0.157	0.208	0.258	0.308	0.359	0.409	0.46	0.511	0.562	0.614	0.667	0.721	0.775	0.83	0.886	0.942
7020	7022	0.078	0.159	0.243	0.333	0.429	0.536	0.66	0.811
7014	7015	0.107	0.192	0.261	0.32	0.375	0.427	0.478	0.527	0.578	0.629	0.683	0.742	0.808	0.888
7016	7020	0.133	0.223	0.299	0.368	0.435	0.501	0.567	0.638	0.715	0.809
7015	7016	0.146	0.251	0.334	0.408	0.478	0.547	0.619	0.698	0.795
7016	7017	0.119	0.214	0.292	0.361	0.426	0.488	0.551	0.615	0.683	0.76	0.854
7017	7018	0.171	0.26	0.332	0.396	0.456	0.514	0.57	0.626	0.682	0.74	0.799	0.862	0.928
7016	7018	0.183	0.271	0.342	0.406	0.466	0.525	0.583	0.643	0.707	0.778	0.864
7007	7023	0.1	0.197	0.285	0.365	0.439	0.511	0.582	0.653	0.727	0.805	0.893
7023	7024	0.172	0.3	0.413	0.521	0.628	0.739	0.86
7024	7025	0.096	0.177	0.246	0.309	0.367	0.423	0.478	0.533	0.591	0.652	0.721	0.807
7025	7026	0.087	0.159	0.222	0.281	0.336	0.39	0.443	0.497	0.553	0.611	0.675	0.749	0.845
7024	7027	0.123	0.266	0.422	0.58	0.734	0.875
7027	7031	0.093	0.186	0.277	0.365	0.453	0.542	0.635	0.736	0.852
7031	7032	0.123	0.254	0.39	0.526	0.657	0.779	0.893
7027	7028	0.152	0.253	0.339	0.42	0.498	0.577	0.66	0.751	0.859
7028	7029	0.081	0.162	0.236	0.306	0.371	0.436	0.501	0.568	0.641	0.727	0.847
7029	7030	0.065	0.13	0.195	0.258	0.32	0.382	0.444	0.507	0.574	0.646	0.728	0.833
7003	7033	0.104	0.19	0.26	0.323	0.381	0.436	0.489	0.543	0.598	0.655	0.716	0.785	0.871
7033	7034	0.212	0.433	0.623	0.774	0.896
7034	7035	0.162	0.26	0.338	0.407	0.47	0.531	0.591	0.651	0.711	0.774	0.841	0.915
7034	7040	0.14	0.254	0.347	0.429	0.505	0.577	0.647	0.716	0.785	0.855	0.926
7040	7041	0.12	0.229	0.326	0.415	0.5	0.584	0.671	0.763	0.867
7035	7036	0.099	0.185	0.262	0.334	0.403	0.47	0.536	0.603	0.672	0.744	0.82	0.904
7036	7040	0.081	0.156	0.227	0.293	0.358	0.421	0.484	0.549	0.616	0.688	0.768	0.866
7036	7043	0.075	0.159	0.249	0.344	0.446	0.559	0.697
7041	7042	0.14	0.248	0.342	0.429	0.511	0.592	0.672	0.752	0.833	0.916
7042	7043	0.17	0.295	0.407	0.514	0.623	0.739	0.866
7037	7043	0.043	0.089	0.14	0.197	0.26	0.331	0.412	0.504	0.606	0.713	0.818	0.913
7030	7035	0.089	0.156	0.204	0.245	0.281	0.314	0.345	0.375	0.404	0.433	0.461	0.488	0.516	0.545	0.573	0.603	0.634	0.667	0.703	0.743	0.791	0.863
7037	7038	0.062	0.13	0.201	0.273	0.345	0.416	0.487	0.56	0.639	0.727	0.84
7043	7044	0.084	0.182	0.28	0.369	0.451	0.528	0.603	0.678	0.755	0.834	0.916
7038	7044	0.051	0.103	0.155	0.208	0.263	0.319	0.377	0.439	0.506	0.579	0.661	0.752	0.846	0.929
7038	7039	0.075	0.152	0.226	0.297	0.363	0.427	0.489	0.549	0.608	0.668	0.728	0.79	0.855	0.923
7026	7050	0.144	0.224	0.289	0.347	0.401	0.454	0.506	0.558	0.613	0.671	0.736	0.816
7026	7049	0.18	0.302	0.395	0.479	0.558	0.639	0.726	0.83
7018	7045	0.214	0.321	0.412	0.498	0.584	0.676	0.785
7047	7048	0.161	0.255	0.333	0.403	0.468	0.532	0.594	0.657	0.721	0.787	0.855	0.927
7048	7056	0.142	0.257	0.358	0.45	0.537	0.621	0.701	0.78	0.856	0.929
7055	7056	0.194	0.351	0.474	0.576	0.665	0.743	0.815	0.88	0.941
7047	7051	0.139	0.245	0.335	0.419	0.498	0.578	0.66	0.748	0.85
7050	7051	0.139	0.277	0.374	0.455	0.529	0.6	0.67	0.742	0.818	0.902
7051	7052	0.164	0.272	0.363	0.448	0.533	0.625	0.739
7052	7055	0.088	0.168	0.24	0.305	0.366	0.425	0.483	0.542	0.602	0.667	0.74	0.832
7039	7053	0.165	0.276	0.37	0.46	0.549	0.644	0.756
7052	7053	0.105	0.17	0.221	0.266	0.306	0.343	0.379	0.414	0.448	0.481	0.515	0.549	0.583	0.619	0.657	0.697	0.741	0.793	0.862
7052	7054	0.133	0.235	0.326	0.412	0.495	0.58	0.668	0.764	0.873
7046	7049	0.143	0.237	0.314	0.382	0.446	0.508	0.571	0.635	0.704	0.781	0.875
7046	7047	0.136	0.258	0.366	0.469	0.571	0.68	0.808
7045	7046	0.049	0.107	0.178	0.271	0.407	0.609	0.787	0.909
7025	7028	0.118	0.208	0.286	0.36	0.431	0.503	0.579	0.662	0.764
7022	7025	0.061	0.121	0.179	0.237	0.293	0.349	0.406	0.464	0.523	0.584	0.649	0.719	0.797	0.888
