180 181 1324    929 1314    921 1343    907 1326    899 1301    884 1314    872 1344    855 1370    842 1346    830 1290    802 1257    788 1274    777 1293    762 1219    729 1175    721 
182 184 1367    582
172 173 471 280 466 222  366 415
173 174 311 516 311 642
174 175 346 720 474 765
175 177 667 927
175 176 654 774 568 791 789 639 
185 186 1557    302
184 185 1367    570 1443    386 1411    456 1434    504 1454    521 
179 180 1230    1112    1406    1058
178 179 1080    972 1232    1110    1128    1044    1170    1082
177 178 890 1010    768 994 1074    976
178 180 1076    966 1446    972 1174    976 1266    970 1330    968
180 183 1549    949 1642    826 1669    839 1673    775 1678    807 1689    861 1695    711 
183 184 1576    653 1535    625 1497    646 1469    631 1421    610
176 181 923 653 849 635 1108    707
181 184 1267    657 1184    686 1361    571 
180 182 1333    939 1303    924 1317    918 1337    903 1307    881 1340    854 1371    836 1354    820 1390    800 1437    778