180	181	0.038	0.085	0.146	0.231	0.339	0.449	0.556	0.655	0.73	0.786	0.831	0.868	0.9	0.928	0.954	0.977
182	184	0.077	0.161	0.254	0.36	0.485	0.648
172	173	0.04	0.089	0.153	0.242	0.338	0.419	0.489	0.554	0.617	0.68	0.746	0.82	0.905
173	174	0.092	0.174	0.247	0.314	0.377	0.44	0.505	0.575	0.657	0.789
174	175	0.095	0.201	0.283	0.352	0.415	0.477	0.539	0.607	0.686	0.867
175	177	0.057	0.119	0.185	0.257	0.337	0.427	0.534	0.674
175	176	0.043	0.095	0.156	0.228	0.302	0.374	0.44	0.503	0.564	0.625	0.688	0.754	0.827	0.909
185	186	0.395	0.567	0.7	0.811	0.91
184	185	0.019	0.042	0.067	0.096	0.132	0.183	0.332	0.481	0.601	0.749	0.814	0.857	0.889	0.917	0.94	0.962	0.981
179	180	0.058	0.242	0.323	0.381	0.431	0.478	0.523	0.567	0.612	0.659	0.71	0.767	0.838	0.926
178	179	0.049	0.109	0.188	0.307	0.535	0.803	0.923
177	178	0.036	0.076	0.121	0.172	0.229	0.294	0.364	0.436	0.508	0.578	0.647	0.714	0.779	0.841	0.898	0.951
178	180	0.019	0.041	0.065	0.092	0.124	0.162	0.212	0.293	0.714	0.802	0.854	0.893	0.925	0.952	0.977
180	183	0.02	0.041	0.064	0.089	0.116	0.147	0.181	0.222	0.271	0.337	0.449	0.72	0.835	0.905	0.956
183	184	0.031	0.067	0.107	0.154	0.21	0.282	0.38	0.514	0.66	0.771	0.849	0.909	0.957
176	181	0.112	0.206	0.287	0.361	0.43	0.497	0.562	0.627	0.693	0.76	0.832	0.909
181	184	0.057	0.123	0.201	0.29	0.391	0.498	0.608	0.718	0.823	0.917
180	182	0.033	0.071	0.118	0.178	0.268	0.397	0.501	0.585	0.661	0.735	0.812	0.897
