8018	8023	1291	543	1258	533	1220	522	1195	518	1170	508	1141	500	1114	493	1079	483	1052	481	1029	470	1006	462	977	456	947	450	918	443	893	437	862	431
8001	8006	2737	190	2720	214	2701	224	2681	235	2665	252	2652	270	2632	291	2621	302	2605	312	2590	337	2550	361	2540	372
8001	8010	2785	235	2800	281	2812	331	2818	362	2825	394
8010	8012	2821	498	2807	544	2797	578	2797	618	2797	657
8012	8015	2818	745	2824	782	2832	810	2847	850	2854	878	2861	910	2861	938	2867	967
8014	8021	2587	880	2550	892	2511	898	2485	912	2458	924	2425	945
8013	8014	2371	700	2398	728	2437	742	2458	754	2482	768	2522	787	2544	802	2572	827	2591	850
8001	8002	2728	171	2698	170	2671	166	2641	168	2595	173	2558	170	2511	168
8002	8003	2446	155	2413	150	2376	143	2338	131	2290	126	2228	126	2185	121	2146	121
8003	8004	2080	130	2036	128	1993	128	1936	135	1886	148	1846	150	1795	151	1770	148
8004	8005	1723	128	1686	128	1613	128	1556	121	1513	121	1451	118	1396	113
8005	8016	1261	121	1205	120	1163	130	1113	138	1075	151	1040	163	1008	175
8023	8026	803	418	773	398	715	391	673	380	621	345	571	303	540	261	510	228	480	200
8026	8027	425	198	410	215	378	236	350	260	348	280	325	321	303	351	276	385	256	408
8027	8036	256	451	285	480	300	518	325	555	340	590	355	630	356	666	381	698	398	728	430	750
8028	8036	511	548	501	578	495	601	483	633	475	668	460	718	456	746
8023	8028	783	435	740	441	695	446	643	466	606	480	573	500
8005	8009	1358	121	1388	146	1415	175	1433	213	1453	251	1485	276	1520	305	1540	331	1568	353
8005	8017	1331	121	1313	156	1310	170	1301	195	1290	225	1271	258	1255	283	1235	303
8003	8008	2085	166	2070	193	2053	231	2025	270	2001	310
8003	8007	2123	148	2126	171	2141	201	2158	228	2173	255	2175	291	2191	308	2210	361	2226	396	2241	420
8007	8013	2288	473	2298	506	2306	535	2316	588	2333	611	2345	648	2350	663
8013	8020	2320	703	2288	730	2251	755	2206	781	2163	826	2131	856	2083	876
8011	8020	2010	606	2018	641	2020	666	2021	701	2023	741	2026	781	2038	828	2046	861
8011	8019	1978	603	1951	606	1920	610	1883	603	1845	603	1808	595	1773	583	1743	576
8009	8011	1615	378	1640	395	1660	410	1680	423	1703	433	1725	436	1750	450	1781	458	1820	473	1860	491	1901	515	1941	541	1963	568
8006	8010	2541	393	2571	411	2601	423	2648	438	2683	441	2723	441	2768	441	2793	441
8021	8025	2391	993	2393	1020	2386	1035	2386	1051	2376	1081	2375	1113	2360	1155
8014	8022	2618	901	2623	926	2628	945	2628	965	2635	990	2645	1021	2650	1051	2663	1083	2678	1123	2696	1171	2713	1205	2728	1236
8022	8025	2720	1271	2668	1266	2611	1265	2548	1265	2475	1248	2425	1233
8024	8030	1571	865	1536	873	1490	885	1460	890	1396	890	1356	885	1316	871	1253	870	1215	841
8024	8031	1590	881	1551	923	1531	956	1513	988	1486	1023
8024	8032	1641	880	1653	915	1671	943	1711	966	1765	1003	1815	1038	1891	1070	1936	1106
8032	8038	1941	1158	1908	1178	1876	1201	1846	1230	1828	1248	1798	1271	1765	1285
8031	8038	1473	1086	1500	1116	1530	1140	1555	1165	1605	1190	1646	1213	1685	1255	1725	1291
8031	8037	1413	1066	1366	1050	1308	1025	1250	1020	1198	1008	1125	1008	1088	1010	1036	1018
8029	8030	811	745	841	761	871	773	905	776	930	786	973	800	1023	811	1073	813	1120	813
8023	8029	806	448	806	493	816	546	818	585	818	628	815	656	806	683	805	701
8029	8036	758	745	706	755	660	760	606	770	550	770	508	773	473	768
8027	8035	236	445	223	491	200	531	190	581	178	631	168	666	160	696	163	716
8035	8041	165	756	193	801	210	830	233	863	268	915	295	941	310	966	321	986	340	1011
8036	8041	430	813	416	850	398	890	393	931	376	975	371	995
8041	8042	386	1056	416	1073	450	1091	508	1100	541	1098	576	1098	595	1098
8042	8048	666	1155	673	1185	666	1235	666	1280	666	1325	653	1365
8037	8043	1035	1048	1056	1076	1076	1101	1103	1123	1133	1136	1161	1150	1200	1175	1231	1183	1248	1210	1276	1246	1310	1271	1333	1293
8043	8046	1358	1351	1358	1375	1355	1406	1346	1436	1335	1461	1315	1496	1300	1513	1280	1541
8045	8046	991	1361	1018	1386	1046	1408	1073	1416	1100	1431	1130	1453	1158	1470	1188	1495	1208	1523	1233	1551
8029	8037	798	765	808	803	815	838	850	875	878	906	903	930	928	960	951	986	975	1003
8041	8047	333	1068	315	1091	301	1110	278	1143	253	1176	241	1238	233	1291	223	1335
8047	8050	230	1375	248	1406	266	1425	285	1441	315	1470	353	1495	375	1516	430	1568
8048	8050	613	1426	588	1461	563	1481	543	1511	516	1548	493	1573
8049	8050	870	1635	803	1635	750	1651	673	1653	608	1650	526	1638	501	1615
8046	8049	1223	1596	1186	1616	1145	1621	1120	1625	1071	1625	1038	1625	983	1625
8044	8046	1646	1630	1576	1630	1485	1625	1426	1620	1356	1606	1316	1588	1290	1575
8039	8044	1871	1523	1818	1536	1765	1565	1718	1591
8038	8039	1766	1325	1790	1365	1823	1386	1868	1435	1908	1473
8038	8043	1695	1325	1655	1333	1598	1350	1553	1360	1500	1360	1460	1353	1423	1343
8025	8033	2328	1201	2315	1248	2308	1276	2290	1310	2275	1351	2253	1378
8033	8039	2205	1421	2175	1431	2136	1443	2108	1448	2070	1461	2036	1470	1991	1483
8039	8040	1985	1503	2006	1520	2035	1541	2066	1551	2125	1558	2155	1575	2191	1590	2226	1616	
8040	8044	2220	1638	2185	1638	2151	1651	2111	1656	2078	1663	2031	1668	1950	1671	1875	1671	1803	1668	1726	1660
8034	8040	2568	1501	2520	1535	2481	1556	2445	1571	2401	1588	2333	1610	2280	1618
8025	8034	2361	1233	2380	1268	2396	1305	2413	1330	2436	1348	2456	1368	2500	1386	2528	1413	2550	1435
8037	8042	986	1038	951	1043	911	1053	860	1065	833	1070	778	1076	738	1078	708	1085	686	1086
8007	8011	2252	456	2222	470	2179	491	2145	514	2104	527	2068	556	2039	568
8045	8048	962	1352	927	1362	893	1368	827	1397	779	1402	708	1393	677	1391
8042	8045	660	1095	675	1108	691	1123	720	1145	741	1163	763	1173	783	1193	805	1208	828	1228	858	1248	878	1268	908	1291	933	1313	953	1330
8017	8023	1193	316	1145	322	1104	335	1045	347	1004	356	952	370	916	381	875	393	841	406	
8016	8023	954	187	931	220	914	252	893	285	872	318	854	350	831	391	
8018	8024	1352	581	1372	595	1389	608	1408	622	1427	643	1447	662	1470	681	1495	704	1514	733	1539	760	1562	789	1585	804
8019	8024	1700	600	1689	631	1679	660	1670	695	1660	722	1650	758	1639	783	1631	802
8020	8024	2035	885	1997	887	1945	881	1906	881	1868	875	1825	868	1789	862	1768	856	1737	854	1702	845	1672	841	1641	833
8020	8025	2072	897	2091	916	2102	937	2120	950	2143	972	2170	997	2189	1029	2222	1052	2250	1081	2270	1106	2304	1139
8006	8007	2491	395	2458	408	2408	420	2372	425	2322	441	2293	450	
8014	8015	2642	900	2671	918	2708	938	2744	955	2780	970	2822	982
8012	8013	2744	715	2710	712	2637	707	2587	700	2550	690	2500	680	2472	674	2417	670
8009	8018	1563	390	1548	408	1518	441	1495	468	1463	493	1431	513	1411	531	1366	545
8008	8009	1953	353	1926	356	1888	355	1840	355	1798	368	1748	373	1696	373	1660	371	1631	368
8025	8032	2305	1185	2281	1188	2236	1188	2183	1203	2125	1198	2066	1195	2025	1180
8043	8045	1293	1346	1228	1353	1160	1353	1091	1353	1050	1348	1008	1345