8018	-220.48	381.29	-665.3	1333.6
8023	131.97	-246.67	259.62	1235.3
8001	-183.95	268.61	-334.17	2765.2
8006	-3.2761	-23.523	-184.94	1620.9
8001	54	-118.29	131.36	2767.4
8010	-126	256.71	-391	1622.1
8010	84	-18.857	-85.762	2835
8012	-264	401.57	-414.31	1360.3
8012	-33.136	41.114	55.568	2812.9
8015	34.552	-26.056	-288.76	1084.6
8014	-0.86616	46.508	-266.11	2621.3
8021	-45.907	24.818	-71.639	929.7
8013	-78.671	97.727	250.73	2348
8014	-192.31	279.49	-286.03	1125.3
8001	-3.8788	-47.723	-236.52	2764
8002	132.74	-200.63	87.005	1620.8
8002	207.88	-387.3	-195.34	2476.6
8003	-145.57	152.09	19.64	1640.3
8003	386.31	-543.87	-204.31	2104.6
8004	280.24	-395.51	118.17	1663.6
8004	349.95	-590.66	-150.06	1744.7
8005	-31.892	43.267	4.6657	1668.3
8005	-257.72	574.78	-693.03	1347.7
8016	105.16	-198.4	30.671	1681.5
8023	298.56	-382.69	-301.01	834.89
8026	-383.84	738.58	-117.92	1385.5
8026	-21.95	26.399	-213.12	444.27
8027	223.19	-407.05	-60.618	1614.8
8027	312.15	-449.28	365.92	232.22
8036	334.22	-436.26	-234.06	1373.3
8028	26.721	20.525	-120.56	532.05
8036	277.98	-472.45	-33.287	1262.5
8023	74.49	-56.318	-310.44	829.8
8028	-133.39	111.42	-92.361	1379
8005	-152.87	260.31	128.64	1349.9
8009	344.6	-501.28	-97.234	1687.8
8005	-46.023	57.068	-132.59	1348
8017	148.83	-265.89	-98.357	1685.4
8003	54	-114	-59.786	2100.7
8008	54	-122.57	-142.93	1664
8003	136.17	-151.25	182.05	2102.7
8007	163.92	-326.84	-153.85	1665.9
8007	-84.471	95.885	65.577	2274.6
8013	312.03	-391.43	-143.58	1350.9
8013	228.42	-343.53	-169.23	2348.6
8020	151.7	-215.64	-157.84	1124.1
8011	168.51	-199.38	93.248	2004.1
8020	203.07	-397.26	-109.88	1206.7
8011	191.45	-301.3	-176.98	2003.6
8019	-209.58	365.3	-149.21	1208
8009	5.5758	161.35	250.22	1592.9
8011	-289.89	304.06	-245.8	1433.3
8006	-197.54	346.33	164.01	2519.3
8010	24.64	60.608	-138.2	1415.1
8021	-38.357	32.254	-38.948	2399.3
8025	-163.34	167.16	-229.74	835.38
8014	54.639	77.176	4.3388	2619.4
8022	23.987	-195.35	-231.57	922.37
8022	180.16	-354.24	-225.22	2757.7
8025	278.04	-286.68	99.083	522.03
8024	143.75	-222.96	-356.34	1617
8030	-58.664	333.68	-262.15	964.6
8024	-126	231.43	-269.93	1624.4
8031	-276	402	-378.76	969.29
8024	-305.59	742.5	-73.818	1630.1
8032	-195.14	274.3	-394.89	964.84
8032	-205.14	356.62	-407.07	1989
8038	181.44	-263.57	-67.828	651.68
8031	-375.12	628.03	24.535	1462.4
8038	179.56	-335	-67.184	717.48
8031	411.94	-542.74	-308.28	1457.3
8037	-73.212	-73.967	200.81	713.76
8029	115.38	26.923	257.27	786.66
8030	58.664	-47.902	-91.81	1061.1
8023	-249.37	335.71	-125.23	824.47
8029	96.01	-28.652	-386.58	1386.7
8029	434.86	-570.07	-191.05	787.34
8036	76.283	-46.061	-52.283	1060.7
8027	195.56	-214.49	-53.351	239.92
8035	345.52	-432.99	-228.46	1377.8
8035	-206.68	301.75	102.87	160.34
8041	141.8	-156.53	-287.79	1063.3
8036	-77.088	191.17	-210.39	460.32
8041	-75.356	144.83	-350.83	1037.3
8041	-130.15	228.76	185.92	361.74
8042	4.3098	99.302	-153.33	756.28
8042	7.7955	-97.152	73.917	656.14
8048	-4.3308	31.288	-334.31	701.59
8037	-253.95	417.37	169.63	1020.4
8043	-190.95	229.44	-334.43	770.2
8043	220.06	-414.77	122.82	1352.1
8046	82.699	-91.526	-228.56	477.41
8045	-32.922	108.28	222.31	978.01
8046	6.3775	-71.487	-147.61	446.23
8029	-96.931	261.83	63.667	786.36
8037	52.448	2.2145	-347.25	1064.1
8041	67.972	-2.549	-207.45	361.94
8047	175.88	-462.63	-42.32	747.48
8047	158.88	-19.872	132.37	218.07
8050	-71.654	-31.201	-130.75	428.46
8048	110.87	-111.47	-148.61	638.44
8050	29.449	-68.091	-161.72	395.52
8049	621.47	-792.91	-257.51	917.57
8050	115.5	-36.456	-49.733	170.4
8046	-349.95	481.57	-493.52	1282.7
8049	-281	538.34	-328.72	238.84
8044	587.42	-611.07	-382.73	1694.8
8046	-149.12	345.86	-141.99	185.11
8039	-48.611	208.63	-424.78	1953.3
8044	-20.833	25.893	-126.49	306.5
8038	1.0052e-11	78.857	140.14	1736.5
8039	156	-240.86	-108.33	499.07
8038	0.43098	-21.426	-355.51	1737.9
8043	72.404	76.052	-169.3	498.91
8025	-89.215	131.78	-158.44	2353.3
8033	200.08	-280.58	-132.67	616
8033	-39.219	22.949	-269.77	2239.6
8039	-97.832	168.63	-165.49	400.98
8039	-207.74	367.14	141.29	1958.3
8040	-100.54	123.81	-167.13	310.13
8040	169.26	-560.26	-184.87	2248.2
8044	363.69	-386.7	36.215	164.96
8034	223.68	-399.65	-162.14	2590.8
8040	40.512	-6.811	-177.84	313.16
8025	-59.052	230.89	63.096	2355.5
8034	-451.24	728.26	-578.87	616.64
8037	245.34	-302.51	-306.26	1021.4
8042	9.9068	12.413	-84.697	769.73
8007	185.32	-294.46	-157.36	2273.7
8011	84.471	-166.74	-62.053	1352.4
8045	447.35	-745.21	-44.384	982.3
8048	121.54	-141.51	-27.12	448.94
8042	-107.21	247.56	191.97	649.59
8045	53.852	-164.6	-153.75	710.71
8017	314.3	-357.11	-361.56	1231.8
8023	163.56	-313.87	59.542	1473.5
8016	102.57	-120.82	-126.62	971.92
8023	151.7	-289.62	-105.2	1623.3
8018	23.121	45.408	212.11	1337.9
8024	124.19	-307.46	-75.227	1225.8
8019	-30.163	65.801	-129.14	1715.6
8024	190.6	-285.91	-146.41	1213.6
8020	39.802	75.752	-567.1	2073.4
8024	-25.568	52.862	35.881	906.57
8020	11.58	147.2	125.88	2064
8025	27.692	-198.7	-116.79	907.66
8006	271.97	-382.3	-137.19	2519.4
8007	87.482	-113.43	-35.278	1411
8014	42.442	38.712	178.36	2618.2
8015	-55.434	135.07	-205.69	929.2
8012	-273.45	462.63	-650.57	2816.7
8013	-151.38	226.15	-31.126	1084.2
8009	54.661	-154.4	-144.83	1583.5
8018	62.166	-55.51	-208.38	1433.4
8008	300.7	-493.94	-198.93	1981.1
8009	82.751	-93.706	-7.5408	1451.3
8025	271.52	-447.1	-185.93	2349.1
8032	280.13	-300.86	57.109	613.32
8043	249.45	-201.52	-417.5	1355.7
8045	-234.73	411.3	-208.53	477.56
