8018	8023	0.037	0.077	0.118	0.161	0.207	0.254	0.304	0.356	0.41	0.465	0.522	0.579	0.636	0.693	0.748	0.802	0.855	0.905	0.953
8001	8006	0.068	0.142	0.221	0.304	0.389	0.476	0.561	0.645	0.724	0.8	0.871	0.937
8001	8010	0.068	0.143	0.226	0.319	0.421	0.534	0.653	0.774	0.891
8010	8012	0.064	0.137	0.221	0.318	0.428	0.547	0.664	0.769	0.857	0.933
8012	8015	0.087	0.174	0.26	0.347	0.433	0.52	0.609	0.7	0.795	0.894
8014	8021	0.099	0.201	0.308	0.418	0.532	0.648	0.766	0.883
8013	8014	0.07	0.143	0.218	0.295	0.373	0.452	0.531	0.612	0.692	0.771	0.85	0.926
8001	8002	0.104	0.208	0.309	0.406	0.499	0.589	0.676	0.761	0.843	0.922
8002	8003	0.106	0.19	0.263	0.33	0.393	0.454	0.512	0.57	0.628	0.686	0.745	0.805	0.867	0.931
8003	8004	0.098	0.177	0.246	0.309	0.369	0.426	0.483	0.54	0.599	0.66	0.726	0.799	0.887
8004	8005	0.12	0.203	0.273	0.336	0.395	0.451	0.506	0.56	0.614	0.669	0.725	0.784	0.847	0.916
8005	8016	0.038	0.078	0.122	0.169	0.22	0.276	0.338	0.405	0.479	0.559	0.646	0.736	0.827	0.915
8023	8026	0.077	0.146	0.207	0.263	0.316	0.366	0.414	0.46	0.506	0.552	0.598	0.644	0.692	0.742	0.795	0.852	0.917
8026	8027	0.114	0.214	0.303	0.385	0.462	0.537	0.61	0.683	0.757	0.834	0.913
8027	8036	0.061	0.123	0.185	0.245	0.305	0.363	0.422	0.48	0.539	0.599	0.662	0.726	0.794	0.863	0.933
8028	8036	0.17	0.287	0.387	0.478	0.566	0.655	0.75	0.856
8023	8028	0.082	0.163	0.244	0.325	0.407	0.489	0.573	0.658	0.744	0.831	0.916
8005	8009	0.121	0.208	0.282	0.35	0.413	0.475	0.537	0.599	0.663	0.73	0.804	0.889
8005	8017	0.149	0.273	0.384	0.487	0.586	0.685	0.785	0.888
8003	8008	0.152	0.278	0.391	0.497	0.599	0.698	0.797	0.896
8003	8007	0.102	0.194	0.277	0.353	0.425	0.494	0.561	0.626	0.69	0.753	0.815	0.877	0.938
8007	8013	0.128	0.226	0.313	0.395	0.476	0.56	0.651	0.76
8013	8020	0.096	0.175	0.246	0.312	0.374	0.435	0.495	0.556	0.617	0.68	0.746	0.817	0.898
8011	8020	0.146	0.252	0.342	0.422	0.498	0.57	0.641	0.711	0.782	0.853	0.925
8011	8019	0.111	0.212	0.303	0.386	0.466	0.545	0.623	0.704	0.79	0.886
8009	8011	0.073	0.146	0.218	0.287	0.353	0.416	0.476	0.532	0.586	0.637	0.685	0.731	0.775	0.817	0.856	0.894	0.931	0.965
8006	8010	0.112	0.207	0.292	0.371	0.447	0.52	0.594	0.667	0.743	0.821	0.905
8021	8025	0.118	0.254	0.399	0.538	0.659	0.763	0.852	0.93
8014	8022	0.1	0.187	0.266	0.338	0.405	0.468	0.527	0.583	0.637	0.688	0.737	0.785	0.83	0.874	0.917	0.958
8022	8025	0.097	0.18	0.254	0.322	0.386	0.447	0.507	0.565	0.622	0.678	0.734	0.789	0.843	0.897	0.948
8024	8030	0.057	0.115	0.172	0.229	0.285	0.341	0.396	0.45	0.504	0.558	0.612	0.665	0.719	0.774	0.829	0.884	0.941
8024	8031	0.057	0.121	0.195	0.28	0.377	0.485	0.595	0.699	0.79	0.869	0.938
8024	8032	0.066	0.137	0.208	0.275	0.336	0.393	0.446	0.497	0.545	0.591	0.635	0.678	0.72	0.762	0.802	0.842	0.882	0.921	0.96
8032	8038	0.063	0.133	0.208	0.287	0.371	0.457	0.546	0.638	0.73	0.824	0.914
8031	8038	0.156	0.243	0.314	0.378	0.437	0.494	0.549	0.604	0.659	0.716	0.776	0.84	0.911
8031	8037	0.064	0.122	0.175	0.226	0.274	0.321	0.367	0.413	0.459	0.505	0.552	0.601	0.651	0.704	0.762	0.827	0.902
8029	8030	0.092	0.18	0.264	0.343	0.418	0.488	0.553	0.615	0.672	0.727	0.778	0.827	0.873	0.917	0.959
8023	8029	0.063	0.127	0.192	0.257	0.324	0.393	0.463	0.537	0.615	0.7	0.793	0.895
8029	8036	0.101	0.178	0.246	0.308	0.367	0.425	0.482	0.541	0.602	0.668	0.742	0.833
8027	8035	0.092	0.167	0.234	0.296	0.357	0.416	0.475	0.536	0.599	0.667	0.744	0.841
8035	8041	0.079	0.151	0.219	0.283	0.346	0.407	0.468	0.53	0.593	0.658	0.727	0.803	0.889
8036	8041	0.068	0.143	0.223	0.309	0.401	0.498	0.599	0.702	0.804	0.903
8041	8042	0.106	0.203	0.295	0.382	0.467	0.551	0.635	0.72	0.808	0.9
8042	8048	0.076	0.154	0.234	0.316	0.399	0.482	0.567	0.653	0.739	0.826	0.912
8037	8043	0.066	0.131	0.195	0.255	0.314	0.371	0.426	0.481	0.534	0.587	0.639	0.691	0.743	0.795	0.847	0.898	0.949
8043	8046	0.102	0.204	0.302	0.395	0.485	0.575	0.666	0.762	0.869
8045	8046	0.093	0.18	0.262	0.339	0.414	0.485	0.554	0.622	0.688	0.752	0.815	0.877	0.938
8029	8037	0.071	0.14	0.209	0.275	0.341	0.406	0.47	0.534	0.598	0.662	0.727	0.792	0.859	0.928
8041	8047	0.116	0.215	0.3	0.377	0.447	0.514	0.578	0.64	0.701	0.76	0.82	0.879	0.938
8047	8050	0.134	0.257	0.364	0.457	0.538	0.609	0.673	0.731	0.784	0.833	0.879	0.921	0.961
8048	8050	0.108	0.209	0.304	0.397	0.489	0.582	0.678	0.778	0.884
8049	8050	0.081	0.145	0.2	0.25	0.298	0.344	0.389	0.433	0.478	0.523	0.569	0.618	0.67	0.728	0.794	0.88
8046	8049	0.044	0.094	0.151	0.216	0.29	0.375	0.466	0.557	0.642	0.719	0.788	0.849	0.904	0.954
8044	8046	0.059	0.112	0.161	0.208	0.253	0.297	0.34	0.383	0.427	0.471	0.516	0.564	0.615	0.672	0.738	0.828
8039	8044	0.061	0.127	0.197	0.273	0.353	0.441	0.536	0.639	0.751	0.871
8038	8039	0.131	0.238	0.334	0.424	0.509	0.591	0.672	0.753	0.834	0.916
8038	8043	0.066	0.133	0.2	0.268	0.336	0.405	0.474	0.543	0.611	0.679	0.747	0.812	0.876	0.939
8025	8033	0.124	0.236	0.339	0.437	0.535	0.635	0.742	0.861
8033	8039	0.081	0.166	0.254	0.344	0.433	0.522	0.609	0.693	0.774	0.853	0.927
8039	8040	0.108	0.202	0.285	0.362	0.435	0.505	0.574	0.642	0.71	0.779	0.85	0.923
8040	8044	0.104	0.18	0.242	0.298	0.348	0.395	0.44	0.482	0.523	0.562	0.601	0.638	0.674	0.71	0.744	0.778	0.812	0.844	0.877	0.908	0.939	0.969
8034	8040	0.098	0.182	0.257	0.327	0.393	0.457	0.52	0.582	0.645	0.708	0.774	0.842	0.916
8025	8034	0.048	0.102	0.164	0.234	0.314	0.399	0.485	0.568	0.646	0.718	0.784	0.845	0.901	0.952
8037	8042	0.077	0.148	0.214	0.277	0.338	0.399	0.459	0.52	0.583	0.648	0.718	0.794	0.882
8007	8011	0.122	0.217	0.3	0.378	0.451	0.523	0.594	0.666	0.74	0.817	0.902
8045	8048	0.164	0.252	0.324	0.389	0.449	0.508	0.565	0.624	0.683	0.746	0.814	0.893
8042	8045	0.096	0.179	0.253	0.322	0.386	0.448	0.507	0.564	0.62	0.675	0.729	0.783	0.837	0.891	0.944
8017	8023	0.067	0.129	0.187	0.242	0.296	0.348	0.399	0.451	0.503	0.555	0.61	0.668	0.73	0.798	0.88
8016	8023	0.13	0.233	0.323	0.407	0.487	0.566	0.644	0.724	0.808	0.898
8018	8024	0.105	0.197	0.279	0.354	0.424	0.49	0.553	0.613	0.672	0.729	0.785	0.839	0.893	0.946
8019	8024	0.12	0.223	0.317	0.406	0.492	0.579	0.668	0.763	0.868
8020	8024	0.044	0.09	0.136	0.183	0.23	0.278	0.328	0.378	0.43	0.483	0.537	0.594	0.652	0.714	0.778	0.846	0.919
8020	8025	0.125	0.223	0.308	0.383	0.451	0.514	0.573	0.629	0.682	0.732	0.781	0.827	0.872	0.915	0.958
8006	8007	0.134	0.232	0.319	0.399	0.477	0.556	0.638	0.727	0.832
8014	8015	0.1	0.204	0.309	0.412	0.511	0.605	0.694	0.778	0.856	0.929
8012	8013	0.04	0.084	0.13	0.178	0.23	0.285	0.343	0.404	0.466	0.531	0.595	0.66	0.723	0.784	0.842	0.898	0.95
8009	8018	0.099	0.192	0.279	0.362	0.443	0.523	0.601	0.679	0.757	0.836	0.916
8008	8009	0.105	0.186	0.256	0.32	0.38	0.437	0.494	0.55	0.605	0.662	0.72	0.781	0.845	0.917
8025	8032	0.107	0.19	0.262	0.327	0.389	0.449	0.507	0.565	0.623	0.682	0.743	0.805	0.869	0.934
8043	8045	0.053	0.107	0.16	0.213	0.266	0.319	0.373	0.427	0.484	0.542	0.605	0.672	0.749	0.845
