40	44	1259	722	1332	741	1267	772	1188	814	1263	813	1351	832	1324	873	1344	910	1363	937
30	31	467	229	430	361
31	32	280	550
32	33	331	728
33	34	576	795	628	791	681	753
34	35	801	614	1238	363	902	509	1086	435
35	41	1331	450	1444	507	1415	555
36	41	1477	361	1426	401	1411	454	1436	510	
36	37	1699	264
34	40	933	658	1060	702
40	41	1294	646
33	38	576	840
38	39	882	1026
39	44	1261	943
41	42	1373	699
42	44	1437	858
41	43	1453	626	1494	649	1530	626	1547	621	1578	645	1615	669
43	44	1663	725	1632	752	1672	770	1705	788	1665	815	1643	826	1690	853	1642	887
44	45	1458	1063
42	44	1379	804	1336	828	1369	838	1325	861	1284	882	1335	904	1305	921	1360	947