26	28	0.037	0.079	0.126	0.18	0.242	0.315	0.397	0.485	0.574	0.661	0.743	0.819	0.887	0.946
15	16	0.115	0.239	0.37	0.504	0.638	0.766	0.887
16	17	0.096	0.196	0.301	0.411	0.525	0.642	0.761	0.88
17	18	0.106	0.221	0.346	0.479	0.616	0.751	0.879
18	19	0.09	0.185	0.286	0.393	0.506	0.625	0.748	0.873
19	20	0.047	0.1	0.161	0.233	0.32	0.424	0.543	0.661	0.766	0.855	0.932
20	21	0.067	0.162	0.267	0.351	0.419	0.48	0.535	0.588	0.638	0.687	0.736	0.784	0.834	0.885	0.94
21	22	0.07	0.147	0.232	0.326	0.431	0.546	0.669	0.789	0.899
17	23	0.084	0.167	0.248	0.329	0.409	0.487	0.564	0.64	0.714	0.787	0.859	0.929
19	23	0.187	0.303	0.403	0.497	0.589	0.682	0.773	0.858	0.933
23	24	0.056	0.116	0.18	0.25	0.325	0.406	0.494	0.59	0.695	0.804	0.907
24	25	0.091	0.186	0.285	0.389	0.498	0.614	0.735	0.863
21	25	0.038	0.08	0.126	0.177	0.234	0.301	0.38	0.48	0.605	0.74	0.848	0.931
24	26	0.074	0.15	0.229	0.309	0.391	0.475	0.56	0.647	0.735	0.823	0.911
26	28	0.037	0.079	0.126	0.18	0.242	0.315	0.397	0.485	0.574	0.661	0.743	0.819	0.887	0.946
15	16	0.115	0.239	0.37	0.504	0.638	0.766	0.887
16	17	0.096	0.196	0.301	0.411	0.525	0.642	0.761	0.88
17	18	0.106	0.221	0.346	0.479	0.616	0.751	0.879
18	19	0.09	0.185	0.286	0.393	0.506	0.625	0.748	0.873
19	20	0.047	0.1	0.161	0.233	0.32	0.424	0.543	0.661	0.766	0.855	0.932
20	21	0.067	0.162	0.267	0.351	0.419	0.48	0.535	0.588	0.638	0.687	0.736	0.784	0.834	0.885	0.94
21	22	0.07	0.147	0.232	0.326	0.431	0.546	0.669	0.789	0.899
17	23	0.084	0.167	0.248	0.329	0.409	0.487	0.564	0.64	0.714	0.787	0.859	0.929
19	23	0.187	0.303	0.403	0.497	0.589	0.682	0.773	0.858	0.933
23	24	0.056	0.116	0.18	0.25	0.325	0.406	0.494	0.59	0.695	0.804	0.907
24	25	0.091	0.186	0.285	0.389	0.498	0.614	0.735	0.863
21	25	0.038	0.08	0.126	0.177	0.234	0.301	0.38	0.48	0.605	0.74	0.848	0.931
24	26	0.074	0.15	0.229	0.309	0.391	0.475	0.56	0.647	0.735	0.823	0.911
26	28	0.037	0.079	0.126	0.18	0.242	0.315	0.397	0.485	0.574	0.661	0.743	0.819	0.887	0.946
15	16	0.115	0.239	0.37	0.504	0.638	0.766	0.887
16	17	0.096	0.196	0.301	0.411	0.525	0.642	0.761	0.88
17	18	0.106	0.221	0.346	0.479	0.616	0.751	0.879
18	19	0.09	0.185	0.286	0.393	0.506	0.625	0.748	0.873
19	20	0.047	0.1	0.161	0.233	0.32	0.424	0.543	0.661	0.766	0.855	0.932
20	21	0.067	0.162	0.267	0.351	0.419	0.48	0.535	0.588	0.638	0.687	0.736	0.784	0.834	0.885	0.94
21	22	0.07	0.147	0.232	0.326	0.431	0.546	0.669	0.789	0.899
17	23	0.084	0.167	0.248	0.329	0.409	0.487	0.564	0.64	0.714	0.787	0.859	0.929
19	23	0.187	0.303	0.403	0.497	0.589	0.682	0.773	0.858	0.933
23	24	0.056	0.116	0.18	0.25	0.325	0.406	0.494	0.59	0.695	0.804	0.907
24	25	0.091	0.186	0.285	0.389	0.498	0.614	0.735	0.863
21	25	0.038	0.08	0.126	0.177	0.234	0.301	0.38	0.48	0.605	0.74	0.848	0.931
24	26	0.074	0.15	0.229	0.309	0.391	0.475	0.56	0.647	0.735	0.823	0.911
26	28	0.037	0.079	0.126	0.18	0.242	0.315	0.397	0.485	0.574	0.661	0.743	0.819	0.887	0.946
15	16	0.115	0.239	0.37	0.504	0.638	0.766	0.887
16	17	0.096	0.196	0.301	0.411	0.525	0.642	0.761	0.88
17	18	0.106	0.221	0.346	0.479	0.616	0.751	0.879
18	19	0.09	0.185	0.286	0.393	0.506	0.625	0.748	0.873
19	20	0.047	0.1	0.161	0.233	0.32	0.424	0.543	0.661	0.766	0.855	0.932
20	21	0.067	0.162	0.267	0.351	0.419	0.48	0.535	0.588	0.638	0.687	0.736	0.784	0.834	0.885	0.94
21	22	0.07	0.147	0.232	0.326	0.431	0.546	0.669	0.789	0.899
17	23	0.084	0.167	0.248	0.329	0.409	0.487	0.564	0.64	0.714	0.787	0.859	0.929
19	23	0.187	0.303	0.403	0.497	0.589	0.682	0.773	0.858	0.933
23	24	0.056	0.116	0.18	0.25	0.325	0.406	0.494	0.59	0.695	0.804	0.907
24	25	0.091	0.186	0.285	0.389	0.498	0.614	0.735	0.863
21	25	0.038	0.08	0.126	0.177	0.234	0.301	0.38	0.48	0.605	0.74	0.848	0.931
24	26	0.074	0.15	0.229	0.309	0.391	0.475	0.56	0.647	0.735	0.823	0.911
28	29	0.088	0.18	0.274	0.371	0.47	0.572	0.676	0.782	0.89
27	29	0.155	0.361	0.57	0.744	0.884
25	27	0.092	0.192	0.3	0.42	0.551	0.694	0.846
26	28	0.037	0.079	0.126	0.18	0.242	0.315	0.397	0.485	0.574	0.661	0.743	0.819	0.887	0.946
15	16	0.115	0.239	0.37	0.504	0.638	0.766	0.887
16	17	0.096	0.196	0.301	0.411	0.525	0.642	0.761	0.88
17	18	0.106	0.221	0.346	0.479	0.616	0.751	0.879
18	19	0.09	0.185	0.286	0.393	0.506	0.625	0.748	0.873
19	20	0.047	0.1	0.161	0.233	0.32	0.424	0.543	0.661	0.766	0.855	0.932
20	21	0.067	0.162	0.267	0.351	0.419	0.48	0.535	0.588	0.638	0.687	0.736	0.784	0.834	0.885	0.94
21	22	0.07	0.147	0.232	0.326	0.431	0.546	0.669	0.789	0.899
17	23	0.084	0.167	0.248	0.329	0.409	0.487	0.564	0.64	0.714	0.787	0.859	0.929
19	23	0.187	0.303	0.403	0.497	0.589	0.682	0.773	0.858	0.933
23	24	0.056	0.116	0.18	0.25	0.325	0.406	0.494	0.59	0.695	0.804	0.907
24	25	0.091	0.186	0.285	0.389	0.498	0.614	0.735	0.863
21	25	0.038	0.08	0.126	0.177	0.234	0.301	0.38	0.48	0.605	0.74	0.848	0.931
24	26	0.074	0.15	0.229	0.309	0.391	0.475	0.56	0.647	0.735	0.823	0.911
28	29	0.088	0.18	0.274	0.371	0.47	0.572	0.676	0.782	0.89
27	29	0.155	0.361	0.57	0.744	0.884
25	27	0.092	0.192	0.3	0.42	0.551	0.694	0.846
