4	5	0.036	0.075	0.117	0.163	0.213	0.269	0.332	0.402	0.479	0.559	0.638	0.711	0.779	0.84	0.897	0.949
1	2	0.089	0.18	0.273	0.367	0.462	0.555	0.648	0.739	0.828	0.915
2	3	0.069	0.139	0.211	0.283	0.355	0.427	0.498	0.567	0.635	0.7	0.764	0.826	0.885	0.943
3	4	0.087	0.179	0.275	0.375	0.478	0.583	0.69	0.795	0.898
5	6	0.112	0.214	0.312	0.409	0.508	0.611	0.718	0.823	0.918
6	7	0.072	0.15	0.236	0.33	0.436	0.556	0.695	0.847
7	8	0.072	0.151	0.238	0.334	0.438	0.546	0.652	0.751	0.842	0.924
2	9	0.051	0.104	0.159	0.217	0.276	0.339	0.403	0.469	0.537	0.605	0.674	0.742	0.809	0.874	0.937
2	12	0.045	0.094	0.145	0.2	0.258	0.32	0.385	0.456	0.531	0.611	0.694	0.779	0.859	0.933
2	10	0.07	0.141	0.214	0.289	0.365	0.442	0.52	0.599	0.679	0.759	0.839	0.919
4	11	0.119	0.243	0.37	0.498	0.627	0.754	0.878
9	12	0.092	0.188	0.288	0.389	0.493	0.597	0.7	0.802	0.902
10	12	0.054	0.109	0.164	0.22	0.276	0.332	0.388	0.444	0.501	0.557	0.614	0.67	0.725	0.781	0.836	0.891	0.945
10	11	0.078	0.163	0.252	0.34	0.425	0.506	0.582	0.656	0.727	0.796	0.864	0.931
12	14	0.047	0.095	0.145	0.196	0.248	0.301	0.356	0.412	0.47	0.529	0.59	0.653	0.718	0.785	0.854	0.925
13	14	0.064	0.132	0.204	0.28	0.361	0.448	0.542	0.643	0.753	0.872
11	13	0.078	0.16	0.245	0.334	0.427	0.522	0.619	0.716	0.813	0.907
10	13	0.08	0.161	0.242	0.322	0.403	0.482	0.56	0.637	0.712	0.786	0.859	0.929
4	5	0.036	0.075	0.117	0.163	0.213	0.269	0.332	0.402	0.479	0.559	0.638	0.711	0.779	0.84	0.897	0.949
1	2	0.089	0.18	0.273	0.367	0.462	0.555	0.648	0.739	0.828	0.915
2	3	0.069	0.139	0.211	0.283	0.355	0.427	0.498	0.567	0.635	0.7	0.764	0.826	0.885	0.943
3	4	0.087	0.179	0.275	0.375	0.478	0.583	0.69	0.795	0.898
5	6	0.112	0.214	0.312	0.409	0.508	0.611	0.718	0.823	0.918
6	7	0.072	0.15	0.236	0.33	0.436	0.556	0.695	0.847
7	8	0.072	0.151	0.238	0.334	0.438	0.546	0.652	0.751	0.842	0.924
2	9	0.051	0.104	0.159	0.217	0.276	0.339	0.403	0.469	0.537	0.605	0.674	0.742	0.809	0.874	0.937
2	12	0.045	0.094	0.145	0.2	0.258	0.32	0.385	0.456	0.531	0.611	0.694	0.779	0.859	0.933
2	10	0.07	0.141	0.214	0.289	0.365	0.442	0.52	0.599	0.679	0.759	0.839	0.919
4	11	0.119	0.243	0.37	0.498	0.627	0.754	0.878
9	12	0.092	0.188	0.288	0.389	0.493	0.597	0.7	0.802	0.902
10	12	0.054	0.109	0.164	0.22	0.276	0.332	0.388	0.444	0.501	0.557	0.614	0.67	0.725	0.781	0.836	0.891	0.945
10	11	0.078	0.163	0.252	0.34	0.425	0.506	0.582	0.656	0.727	0.796	0.864	0.931
12	14	0.047	0.095	0.145	0.196	0.248	0.301	0.356	0.412	0.47	0.529	0.59	0.653	0.718	0.785	0.854	0.925
13	14	0.064	0.132	0.204	0.28	0.361	0.448	0.542	0.643	0.753	0.872
11	13	0.078	0.16	0.245	0.334	0.427	0.522	0.619	0.716	0.813	0.907
10	13	0.08	0.161	0.242	0.322	0.403	0.482	0.56	0.637	0.712	0.786	0.859	0.929
4	5	0.036	0.075	0.117	0.163	0.213	0.269	0.332	0.402	0.479	0.559	0.638	0.711	0.779	0.84	0.897	0.949
1	2	0.089	0.18	0.273	0.367	0.462	0.555	0.648	0.739	0.828	0.915
2	3	0.069	0.139	0.211	0.283	0.355	0.427	0.498	0.567	0.635	0.7	0.764	0.826	0.885	0.943
3	4	0.087	0.179	0.275	0.375	0.478	0.583	0.69	0.795	0.898
5	6	0.112	0.214	0.312	0.409	0.508	0.611	0.718	0.823	0.918
6	7	0.072	0.15	0.236	0.33	0.436	0.556	0.695	0.847
7	8	0.072	0.151	0.238	0.334	0.438	0.546	0.652	0.751	0.842	0.924
2	9	0.051	0.104	0.159	0.217	0.276	0.339	0.403	0.469	0.537	0.605	0.674	0.742	0.809	0.874	0.937
2	12	0.045	0.094	0.145	0.2	0.258	0.32	0.385	0.456	0.531	0.611	0.694	0.779	0.859	0.933
2	10	0.07	0.141	0.214	0.289	0.365	0.442	0.52	0.599	0.679	0.759	0.839	0.919
4	11	0.119	0.243	0.37	0.498	0.627	0.754	0.878
9	12	0.092	0.188	0.288	0.389	0.493	0.597	0.7	0.802	0.902
10	12	0.054	0.109	0.164	0.22	0.276	0.332	0.388	0.444	0.501	0.557	0.614	0.67	0.725	0.781	0.836	0.891	0.945
10	11	0.078	0.163	0.252	0.34	0.425	0.506	0.582	0.656	0.727	0.796	0.864	0.931
12	14	0.047	0.095	0.145	0.196	0.248	0.301	0.356	0.412	0.47	0.529	0.59	0.653	0.718	0.785	0.854	0.925
13	14	0.064	0.132	0.204	0.28	0.361	0.448	0.542	0.643	0.753	0.872
11	13	0.078	0.16	0.245	0.334	0.427	0.522	0.619	0.716	0.813	0.907
10	13	0.08	0.161	0.242	0.322	0.403	0.482	0.56	0.637	0.712	0.786	0.859	0.929
4	5	0.036	0.075	0.117	0.163	0.213	0.269	0.332	0.402	0.479	0.559	0.638	0.711	0.779	0.84	0.897	0.949
1	2	0.089	0.18	0.273	0.367	0.462	0.555	0.648	0.739	0.828	0.915
2	3	0.069	0.139	0.211	0.283	0.355	0.427	0.498	0.567	0.635	0.7	0.764	0.826	0.885	0.943
3	4	0.087	0.179	0.275	0.375	0.478	0.583	0.69	0.795	0.898
5	6	0.112	0.214	0.312	0.409	0.508	0.611	0.718	0.823	0.918
6	7	0.072	0.15	0.236	0.33	0.436	0.556	0.695	0.847
7	8	0.072	0.151	0.238	0.334	0.438	0.546	0.652	0.751	0.842	0.924
2	9	0.051	0.104	0.159	0.217	0.276	0.339	0.403	0.469	0.537	0.605	0.674	0.742	0.809	0.874	0.937
2	12	0.045	0.094	0.145	0.2	0.258	0.32	0.385	0.456	0.531	0.611	0.694	0.779	0.859	0.933
2	10	0.07	0.141	0.214	0.289	0.365	0.442	0.52	0.599	0.679	0.759	0.839	0.919
4	11	0.119	0.243	0.37	0.498	0.627	0.754	0.878
9	12	0.092	0.188	0.288	0.389	0.493	0.597	0.7	0.802	0.902
10	12	0.054	0.109	0.164	0.22	0.276	0.332	0.388	0.444	0.501	0.557	0.614	0.67	0.725	0.781	0.836	0.891	0.945
10	11	0.078	0.163	0.252	0.34	0.425	0.506	0.582	0.656	0.727	0.796	0.864	0.931
12	14	0.047	0.095	0.145	0.196	0.248	0.301	0.356	0.412	0.47	0.529	0.59	0.653	0.718	0.785	0.854	0.925
13	14	0.064	0.132	0.204	0.28	0.361	0.448	0.542	0.643	0.753	0.872
11	13	0.078	0.16	0.245	0.334	0.427	0.522	0.619	0.716	0.813	0.907
10	13	0.08	0.161	0.242	0.322	0.403	0.482	0.56	0.637	0.712	0.786	0.859	0.929
