10903	10907	905	363	948	383	968	397	922	422	883	439	855	452	891	482	932	498	958	517	928	534	
10901	10902	220	289	309	336	398	346	453	332	
10902	10903	661	277	748	312	798	308	
10902	10904	492	312	489	396	435	458	
10903	10909	983	270	1082	262	1143	268	1234	274	1289	304	
10904	10905	472	570	516	610	539	637	474	663	417	696	365	722	408	742	461	772	424	798	
10904	10907	502	556	564	538	643	600	748	547	820	610	
10905	10906	509	756	
10906	10907	802	627	
10907	10908	1034	480	
10907	10910	848	591	907	622	861	658	
10907	10911	1018	547	1119	528	
10908	10909	1215	357	1281	328	
10910	10912	1109	794	
10911	10912	1293	639	1293	639	
