85	88	0.025	0.053	0.082	0.114	0.148	0.185	0.225	0.27	0.318	0.37	0.425	0.483	0.541	0.6	0.659	0.716	0.77	0.823	0.871	0.917	0.959
81	84	0.029	0.061	0.095	0.134	0.177	0.225	0.282	0.347	0.422	0.502	0.582	0.658	0.728	0.792	0.851	0.904	0.953
84	86	0.049	0.104	0.164	0.23	0.303	0.384	0.471	0.563	0.656	0.747	0.835	0.919
86	87	0.047	0.101	0.162	0.232	0.312	0.403	0.501	0.607	0.719	0.828	0.922
86	88	0.032	0.067	0.104	0.143	0.184	0.228	0.275	0.324	0.376	0.43	0.488	0.548	0.611	0.676	0.741	0.803	0.86	0.912	0.957
87	88	0.072	0.135	0.193	0.248	0.301	0.355	0.409	0.464	0.522	0.582	0.646	0.711	0.774	0.831	0.881	0.925	0.964
81	82	0.032	0.067	0.107	0.152	0.205	0.265	0.336	0.415	0.498	0.582	0.666	0.75	0.836	0.92
82	83	0.05	0.109	0.178	0.261	0.355	0.453	0.547	0.633	0.713	0.789	0.862	0.932
83	85	0.041	0.087	0.139	0.2	0.275	0.368	0.485	0.615	0.737	0.84	0.926
88	89	0.042	0.089	0.144	0.208	0.284	0.369	0.454	0.535	0.609	0.678	0.745	0.809	0.872	0.935
