113	120	0.068	0.136	0.204	0.272	0.341	0.41	0.481	0.552	0.623	0.694	0.763	0.829	0.89	0.946
104	106	0.14	0.258	0.366	0.469	0.569	0.67	0.775	0.884
106	107	0.115	0.25	0.398	0.552	0.704	0.854
107	108	0.139	0.262	0.377	0.489	0.601	0.713	0.82	0.916
108	109	0.111	0.224	0.338	0.455	0.576	0.703	0.841
109	110	0.082	0.174	0.276	0.388	0.505	0.621	0.73	0.829	0.918
110	111	0.111	0.226	0.341	0.452	0.553	0.646	0.73	0.807	0.876	0.94
111	112	0.081	0.164	0.247	0.327	0.407	0.488	0.573	0.668	0.787
112	113	0.039	0.084	0.133	0.188	0.252	0.324	0.406	0.493	0.58	0.66	0.733	0.798	0.856	0.908	0.956
111	116	0.082	0.163	0.24	0.312	0.381	0.447	0.512	0.576	0.641	0.708	0.776	0.847	0.922
104	114	0.091	0.186	0.281	0.375	0.465	0.551	0.633	0.713	0.788	0.861	0.931
114	115	0.075	0.161	0.259	0.37	0.491	0.612	0.726	0.829	0.919
115	116	0.156	0.262	0.352	0.433	0.51	0.583	0.654	0.725	0.794	0.863	0.932
112	116	0.224	0.321	0.402	0.476	0.547	0.618	0.692	0.771	0.864
116	117	0.09	0.189	0.295	0.403	0.511	0.617	0.718	0.816	0.909
117	120	0.051	0.099	0.146	0.191	0.234	0.277	0.318	0.36	0.401	0.442	0.484	0.526	0.569	0.613	0.659	0.706	0.757	0.811	0.869	0.932
105	118	0.213	0.325	0.419	0.505	0.589	0.672	0.757	0.842	0.924
118	119	0.086	0.18	0.283	0.395	0.515	0.642	0.769	0.889
119	120	0.1	0.186	0.262	0.331	0.397	0.46	0.523	0.586	0.651	0.719	0.794	0.88
