11	15	0.064	0.134	0.21	0.291	0.376	0.464	0.553	0.64	0.723	0.801	0.872	0.938
2	3	0.121	0.263	0.416	0.571	0.721	0.864
2	6	0.142	0.287	0.428	0.559	0.68	0.793	0.899
2	16	0.111	0.236	0.371	0.512	0.651	0.781	0.897
3	4	0.12	0.24	0.354	0.463	0.568	0.671	0.775	0.883
4	5	0.074	0.146	0.218	0.289	0.36	0.433	0.507	0.584	0.665	0.748	0.834	0.919
5	7	0.175	0.315	0.436	0.546	0.647	0.742	0.832	0.917
5	14	0.089	0.184	0.284	0.389	0.496	0.605	0.712	0.815	0.911
6	7	0.075	0.157	0.246	0.343	0.448	0.56	0.677	0.792	0.9
7	10	0.087	0.188	0.294	0.399	0.497	0.589	0.676	0.761	0.842	0.921
8	16	0.049	0.104	0.166	0.237	0.321	0.426	0.556	0.694	0.813	0.913
8	9	0.049	0.1	0.154	0.21	0.268	0.33	0.396	0.467	0.544	0.627	0.714	0.799	0.876	0.942
9	11	0.104	0.209	0.311	0.409	0.503	0.593	0.679	0.762	0.843	0.922
10	11	0.096	0.205	0.317	0.426	0.529	0.627	0.721	0.814	0.906
11	12	0.097	0.202	0.315	0.434	0.555	0.674	0.789	0.897
13	14	0.102	0.234	0.401	0.58	0.743	0.882
14	15	0.145	0.274	0.389	0.496	0.598	0.698	0.797	0.897
