5	1	0.056	0.114	0.173	0.234	0.297	0.362	0.43	0.5	0.572	0.645	0.716	0.783	0.844	0.9	0.952
9	7	0.096	0.192	0.288	0.383	0.477	0.569	0.659	0.748	0.834	0.917
10	7	0.071	0.144	0.219	0.294	0.367	0.438	0.506	0.571	0.633	0.692	0.748	0.802	0.854	0.904	0.952
13	10	0.062	0.134	0.219	0.321	0.444	0.585	0.722	0.835	0.925
14	13	0.042	0.087	0.134	0.184	0.237	0.292	0.35	0.411	0.475	0.542	0.611	0.684	0.76	0.838	0.918
14	12	0.057	0.12	0.191	0.268	0.352	0.442	0.534	0.628	0.721	0.814	0.907
12	2	0.059	0.126	0.201	0.287	0.386	0.496	0.607	0.708	0.796	0.873	0.939
11	7	0.056	0.12	0.191	0.273	0.366	0.466	0.567	0.661	0.745	0.819	0.885	0.945
12	11	0.063	0.134	0.214	0.302	0.397	0.495	0.59	0.677	0.756	0.826	0.89	0.947
11	8	0.059	0.121	0.185	0.253	0.323	0.396	0.474	0.554	0.638	0.726	0.816	0.907
7	6	0.045	0.093	0.146	0.204	0.268	0.337	0.412	0.491	0.572	0.653	0.731	0.805	0.874	0.938
5	6	0.098	0.199	0.302	0.406	0.511	0.614	0.715	0.813	0.908
8	5	0.087	0.179	0.276	0.377	0.485	0.604	0.741	0.884
8	2	0.075	0.146	0.214	0.279	0.343	0.405	0.468	0.531	0.596	0.663	0.732	0.803	0.873	0.939
4	1	0.071	0.156	0.262	0.393	0.531	0.652	0.755	0.845	0.925
3	4	0.105	0.24	0.375	0.49	0.589	0.679	0.762	0.842	0.921
3	2	0.06	0.128	0.206	0.298	0.406	0.523	0.633	0.727	0.807	0.878	0.941
