72	73	0.057	0.122	0.19	0.255	0.317	0.376	0.433	0.488	0.543	0.598	0.655	0.713	0.772	0.833	0.893	0.948
73	74	0.071	0.144	0.219	0.294	0.369	0.444	0.518	0.591	0.663	0.734	0.803	0.87	0.936
73	75	0.048	0.095	0.14	0.185	0.228	0.272	0.315	0.359	0.403	0.448	0.495	0.544	0.595	0.651	0.712	0.783	0.872
74	75	0.084	0.169	0.256	0.343	0.43	0.516	0.602	0.685	0.767	0.846	0.924
74	76	0.058	0.116	0.175	0.234	0.293	0.353	0.413	0.472	0.532	0.592	0.651	0.71	0.769	0.827	0.885	0.942
75	76	0.047	0.099	0.154	0.211	0.27	0.328	0.385	0.441	0.496	0.551	0.604	0.658	0.712	0.767	0.823	0.88	0.938
76	77	0.047	0.096	0.146	0.199	0.253	0.31	0.37	0.432	0.498	0.567	0.641	0.721	0.806	0.898
77	78	0.054	0.111	0.171	0.231	0.293	0.356	0.42	0.486	0.554	0.624	0.697	0.768	0.836	0.897	0.951
77	79	0.049	0.099	0.15	0.202	0.256	0.312	0.372	0.435	0.502	0.576	0.655	0.736	0.814	0.884	0.945
79	80	0.103	0.192	0.273	0.349	0.424	0.5	0.578	0.66	0.748	0.839	0.925
71	72	0.058	0.117	0.178	0.24	0.303	0.367	0.433	0.5	0.568	0.637	0.707	0.778	0.851	0.924
