1	3	0.059	0.128	0.212	0.314	0.426	0.527	0.611	0.684	0.748	0.806	0.859	0.908	0.955
3	2	0.111	0.207	0.288	0.362	0.433	0.504	0.58	0.666	0.778	0.913
2	9	0.127	0.257	0.387	0.516	0.642	0.765	0.884
9	11	0.098	0.2	0.304	0.411	0.521	0.634	0.751	0.873
11	12	0.059	0.118	0.179	0.241	0.303	0.365	0.428	0.492	0.555	0.619	0.683	0.747	0.81	0.874	0.936
12	14	0.048	0.102	0.161	0.226	0.298	0.376	0.458	0.543	0.626	0.705	0.778	0.842	0.9	0.952
13	14	0.117	0.231	0.338	0.439	0.534	0.622	0.706	0.785	0.86	0.931
14	15	0.028	0.06	0.097	0.14	0.193	0.258	0.335	0.416	0.493	0.568	0.642	0.718	0.792	0.858	0.914	0.96
14	16	0.105	0.219	0.34	0.47	0.604	0.74	0.872
14	4	0.073	0.147	0.222	0.298	0.375	0.453	0.531	0.61	0.688	0.766	0.844	0.922
9	10	0.029	0.061	0.098	0.141	0.19	0.247	0.309	0.373	0.436	0.498	0.561	0.628	0.702	0.795	0.916
10	15	0.048	0.101	0.159	0.219	0.278	0.335	0.392	0.448	0.504	0.561	0.621	0.684	0.751	0.821	0.889	0.948
15	6	0.103	0.211	0.326	0.447	0.575	0.71	0.852
16	6	0.125	0.253	0.382	0.511	0.638	0.763	0.883
4	6	0.022	0.047	0.076	0.108	0.148	0.2	0.276	0.39	0.502	0.611	0.727	0.812	0.867	0.909	0.944	0.973
5	6	0.06	0.129	0.188	0.237	0.281	0.322	0.361	0.399	0.438	0.477	0.519	0.566	0.622	0.71	0.82	0.87	0.906	0.934	0.958	0.979
6	7	0.02	0.044	0.071	0.105	0.151	0.234	0.345	0.416	0.476	0.533	0.593	0.661	0.74	0.805	0.851	0.886	0.915	0.939	0.961	0.981
7	8	0.057	0.119	0.188	0.264	0.352	0.453	0.571	0.696	0.812	0.912
