7	6	0.039	0.081	0.125	0.172	0.22	0.269	0.321	0.374	0.429	0.486	0.545	0.607	0.672	0.742	0.819	0.904
20	3	0.056	0.116	0.18	0.247	0.319	0.395	0.474	0.555	0.636	0.716	0.792	0.865	0.934
20	19	0.13	0.266	0.404	0.539	0.667	0.786	0.896
19	18	0.106	0.214	0.323	0.433	0.544	0.656	0.769	0.883
18	17	0.099	0.197	0.295	0.392	0.486	0.578	0.668	0.755	0.839	0.92
18	16	0.058	0.118	0.181	0.246	0.314	0.385	0.458	0.533	0.61	0.689	0.767	0.846	0.923
16	15	0.12	0.246	0.377	0.509	0.639	0.765	0.885
15	14	0.144	0.312	0.457	0.571	0.665	0.746	0.818	0.883	0.943
16	7	0.06	0.121	0.184	0.249	0.316	0.384	0.455	0.527	0.601	0.677	0.755	0.834	0.916
6	9	0.052	0.107	0.163	0.221	0.281	0.344	0.408	0.475	0.544	0.616	0.69	0.765	0.842	0.92
9	11	0.085	0.171	0.258	0.346	0.436	0.526	0.618	0.711	0.806	0.901
9	8	0.085	0.171	0.258	0.346	0.436	0.527	0.619	0.712	0.806	0.902
8	10	0.108	0.211	0.31	0.406	0.498	0.588	0.675	0.759	0.841	0.921
11	10	0.082	0.166	0.249	0.333	0.417	0.501	0.584	0.668	0.751	0.834	0.917
6	13	0.05	0.102	0.156	0.213	0.273	0.337	0.405	0.478	0.558	0.646	0.745	0.86
13	12	0.099	0.197	0.293	0.388	0.481	0.572	0.661	0.748	0.833	0.917
12	1	0.122	0.246	0.369	0.494	0.619	0.745	0.871
12	2	0.089	0.179	0.27	0.36	0.451	0.541	0.632	0.724	0.815	0.907
2	1	0.074	0.147	0.218	0.288	0.355	0.421	0.486	0.548	0.61	0.669	0.727	0.784	0.839	0.894	0.947
1	4	0.064	0.129	0.197	0.266	0.338	0.411	0.487	0.565	0.646	0.73	0.816	0.906
13	5	0.085	0.171	0.259	0.347	0.437	0.528	0.621	0.714	0.808	0.903
