9	10	0.05	0.113	0.193	0.29	0.385	0.473	0.554	0.634	0.715	0.803	0.9
1	5	0.087	0.181	0.279	0.379	0.479	0.58	0.681	0.783	0.889
2	5	0.113	0.237	0.369	0.501	0.626	0.739	0.837	0.923
2	6	0.102	0.212	0.324	0.434	0.54	0.641	0.737	0.828	0.915
5	3	0.094	0.194	0.297	0.404	0.511	0.617	0.72	0.818	0.911
5	4	0.068	0.147	0.239	0.346	0.464	0.583	0.692	0.786	0.867	0.937
3	9	0.078	0.153	0.225	0.294	0.362	0.43	0.497	0.566	0.637	0.711	0.792	0.884
4	9	0.144	0.246	0.334	0.415	0.493	0.57	0.647	0.727	0.811	0.901
9	8	0.082	0.156	0.225	0.292	0.358	0.423	0.49	0.56	0.635	0.718	0.82
7	13	0.057	0.127	0.209	0.297	0.383	0.465	0.545	0.625	0.707	0.79	0.869	0.939
8	13	0.059	0.129	0.209	0.296	0.385	0.473	0.56	0.649	0.739	0.831	0.92
13	11	0.041	0.09	0.153	0.235	0.327	0.414	0.494	0.571	0.652	0.747	0.881
13	12	0.067	0.136	0.208	0.281	0.357	0.434	0.515	0.598	0.687	0.782	0.886
