4	6	0.052	0.107	0.165	0.229	0.301	0.385	0.488	0.597	0.682	0.745	0.797	0.84	0.878	0.912	0.943	0.972
1	3	0.098	0.192	0.28	0.365	0.446	0.524	0.599	0.671	0.741	0.808	0.873	0.937
1	2	0.048	0.106	0.178	0.272	0.407	0.573	0.72	0.836	0.926
1	7	0.044	0.094	0.153	0.223	0.305	0.397	0.491	0.585	0.678	0.768	0.853	0.931
3	8	0.107	0.216	0.326	0.437	0.548	0.66	0.773	0.886
2	9	0.078	0.162	0.24	0.31	0.374	0.435	0.494	0.553	0.614	0.677	0.746	0.823	0.911
7	10	0.073	0.148	0.223	0.298	0.374	0.45	0.527	0.604	0.682	0.76	0.839	0.919
8	4	0.046	0.102	0.174	0.256	0.334	0.404	0.467	0.526	0.583	0.64	0.698	0.759	0.826	0.903
9	5	0.06	0.122	0.183	0.245	0.308	0.37	0.433	0.496	0.56	0.623	0.686	0.749	0.812	0.874	0.937
10	5	0.107	0.218	0.331	0.443	0.55	0.652	0.747	0.836	0.92
5	6	0.067	0.132	0.195	0.257	0.32	0.382	0.446	0.511	0.579	0.651	0.727	0.811	0.902
