25	27	0.046	0.095	0.146	0.199	0.254	0.311	0.37	0.429	0.488	0.547	0.605	0.662	0.716	0.769	0.819	0.867	0.913	0.957
17	18	0.032	0.067	0.104	0.144	0.186	0.23	0.277	0.325	0.376	0.428	0.483	0.541	0.604	0.672	0.751	0.841	0.928
17	27	0.056	0.12	0.194	0.281	0.384	0.502	0.627	0.744	0.844	0.927
17	28	0.053	0.111	0.176	0.246	0.325	0.412	0.508	0.613	0.722	0.826	0.919
19	34	0.043	0.087	0.133	0.181	0.23	0.28	0.332	0.386	0.441	0.498	0.556	0.618	0.682	0.75	0.823	0.904
19	35	0.049	0.104	0.167	0.242	0.332	0.438	0.549	0.65	0.736	0.812	0.88	0.942
19	37	0.066	0.135	0.205	0.279	0.355	0.436	0.521	0.614	0.718	0.839
20	36	0.098	0.193	0.284	0.373	0.46	0.547	0.635	0.721	0.803	0.877	0.942
21	25	0.052	0.115	0.194	0.301	0.46	0.653	0.835
21	26	0.094	0.188	0.275	0.357	0.435	0.513	0.592	0.675	0.767	0.876
22	25	0.044	0.092	0.145	0.202	0.266	0.337	0.419	0.513	0.623	0.749	0.88
22	26	0.068	0.151	0.259	0.408	0.571	0.705	0.815	0.911
23	26	0.072	0.156	0.257	0.382	0.531	0.678	0.803	0.908
23	32	0.034	0.069	0.105	0.141	0.179	0.217	0.256	0.295	0.336	0.378	0.421	0.466	0.512	0.56	0.611	0.664	0.72	0.778	0.837	0.895	0.949
23	34	0.076	0.167	0.274	0.396	0.533	0.684	0.849
23	35	0.057	0.123	0.199	0.287	0.387	0.498	0.609	0.71	0.798	0.874	0.94
23	33	0.049	0.116	0.198	0.273	0.336	0.391	0.441	0.488	0.533	0.578	0.622	0.667	0.714	0.763	0.815	0.873	0.935
24	32	0.033	0.07	0.112	0.159	0.213	0.276	0.35	0.435	0.528	0.622	0.711	0.788	0.854	0.909	0.957
24	29	0.099	0.208	0.316	0.417	0.507	0.589	0.663	0.731	0.793	0.851	0.904	0.953
24	27	0.089	0.165	0.229	0.288	0.343	0.397	0.452	0.509	0.571	0.641	0.719	0.793	0.852	0.899	0.937	0.97
25	29	0.099	0.195	0.287	0.378	0.466	0.554	0.642	0.73	0.818	0.908
25	30	0.13	0.241	0.34	0.433	0.52	0.604	0.685	0.765	0.843	0.921
25	28	0.079	0.17	0.27	0.375	0.485	0.599	0.71	0.806	0.883	0.946
28	31	0.035	0.072	0.111	0.151	0.193	0.238	0.284	0.332	0.383	0.437	0.493	0.55	0.61	0.67	0.73	0.788	0.845	0.899	0.95
30	31	0.083	0.168	0.256	0.351	0.454	0.572	0.713	0.869
31	33	0.036	0.079	0.13	0.197	0.293	0.436	0.573	0.683	0.773	0.846	0.905	0.955
32	34	0.052	0.106	0.162	0.219	0.277	0.336	0.396	0.457	0.519	0.582	0.647	0.713	0.78	0.85	0.923
33	35	0.069	0.145	0.228	0.317	0.416	0.528	0.66	0.803	0.916
36	37	0.073	0.148	0.224	0.3	0.378	0.46	0.548	0.65	0.774	0.904
