66	69	0.028	0.059	0.094	0.134	0.179	0.231	0.29	0.353	0.417	0.478	0.536	0.591	0.645	0.698	0.751	0.805	0.863	0.925
56	57	0.183	0.291	0.379	0.458	0.533	0.605	0.676	0.749	0.825	0.906
57	58	0.056	0.119	0.188	0.266	0.35	0.438	0.528	0.614	0.695	0.768	0.834	0.894	0.949
57	60	0.043	0.091	0.145	0.207	0.279	0.362	0.457	0.562	0.673	0.787	0.899
57	61	0.051	0.112	0.184	0.265	0.347	0.426	0.501	0.574	0.645	0.716	0.788	0.86	0.931
58	62	0.099	0.179	0.251	0.319	0.385	0.452	0.522	0.599	0.69	0.823
56	59	0.098	0.223	0.387	0.567	0.717	0.832	0.923
59	63	0.057	0.121	0.188	0.258	0.33	0.401	0.472	0.542	0.612	0.681	0.749	0.815	0.88	0.941
60	64	0.069	0.142	0.215	0.285	0.352	0.416	0.477	0.537	0.595	0.653	0.711	0.769	0.826	0.884	0.942
61	65	0.079	0.15	0.216	0.278	0.339	0.399	0.459	0.519	0.581	0.646	0.715	0.791	0.879
62	66	0.045	0.098	0.163	0.237	0.312	0.381	0.444	0.502	0.557	0.61	0.662	0.714	0.766	0.819	0.875	0.934
63	67	0.077	0.166	0.269	0.387	0.513	0.634	0.742	0.838	0.923
64	67	0.073	0.148	0.224	0.302	0.381	0.462	0.545	0.63	0.717	0.807	0.901
64	68	0.157	0.24	0.303	0.359	0.409	0.456	0.501	0.545	0.589	0.632	0.676	0.721	0.767	0.816	0.868	0.927
65	68	0.092	0.19	0.286	0.374	0.457	0.535	0.611	0.685	0.759	0.835	0.914
67	70	0.037	0.077	0.121	0.169	0.223	0.284	0.353	0.432	0.52	0.614	0.708	0.794	0.871	0.939
68	70	0.133	0.249	0.354	0.451	0.54	0.623	0.699	0.769	0.833	0.893	0.948
68	69	0.09	0.162	0.225	0.283	0.339	0.393	0.446	0.5	0.555	0.613	0.676	0.748	0.838
