10903	10907	0.043	0.094	0.155	0.232	0.33	0.449	0.582	0.727	0.85	0.935
10901	10902	0.059	0.125	0.195	0.266	0.334	0.398	0.46	0.519	0.577	0.633	0.688	0.742	0.796	0.849	0.901	0.951
10902	10903	0.049	0.102	0.159	0.22	0.287	0.359	0.44	0.532	0.639	0.762	0.888
10902	10904	0.072	0.15	0.231	0.314	0.397	0.48	0.562	0.642	0.721	0.796	0.869	0.936
10903	10909	0.03	0.063	0.097	0.132	0.169	0.208	0.249	0.293	0.339	0.389	0.442	0.498	0.557	0.62	0.685	0.752	0.817	0.881	0.942
10904	10905	0.034	0.075	0.124	0.187	0.265	0.35	0.428	0.5	0.57	0.641	0.718	0.808	0.914
10904	10907	0.042	0.086	0.131	0.178	0.225	0.274	0.323	0.374	0.424	0.475	0.527	0.578	0.629	0.68	0.73	0.778	0.826	0.872	0.916	0.958
10905	10906	0.082	0.165	0.248	0.331	0.414	0.497	0.58	0.664	0.747	0.831	0.915
10906	10907	0.076	0.153	0.231	0.311	0.392	0.474	0.558	0.643	0.729	0.817	0.907
10907	10908	0.099	0.198	0.297	0.397	0.497	0.597	0.697	0.797	0.898
10907	10910	0.103	0.239	0.441	0.627	0.741	0.825	0.892	0.949
10907	10911	0.083	0.168	0.253	0.337	0.421	0.504	0.589	0.674	0.759	0.843	0.923
10908	10909	0.104	0.211	0.322	0.44	0.567	0.707	0.856
10910	10912	0.082	0.169	0.261	0.358	0.46	0.566	0.675	0.785	0.893
10911	10912	0.042	0.093	0.157	0.249	0.513	0.752	0.843	0.906	0.956
