9008	9041	0.057	0.114	0.17	0.226	0.281	0.337	0.394	0.452	0.512	0.575	0.641	0.713	0.793	0.885
9013	9028	0.129	0.221	0.296	0.362	0.423	0.48	0.536	0.592	0.647	0.705	0.765	0.83	0.904
9004	9050	0.062	0.127	0.194	0.264	0.335	0.41	0.486	0.565	0.646	0.73	0.817	0.906
9004	9026	0.106	0.207	0.304	0.4	0.497	0.598	0.708	0.835
9002	9004	0.094	0.192	0.294	0.4	0.511	0.628	0.75	0.875
9007	9026	0.099	0.186	0.267	0.345	0.421	0.498	0.578	0.664	0.761	0.873
9009	9050	0.119	0.242	0.364	0.485	0.606	0.729	0.858
9007	9041	0.11	0.218	0.32	0.419	0.516	0.611	0.706	0.802	0.9
9007	9028	0.076	0.152	0.228	0.302	0.374	0.445	0.515	0.582	0.648	0.712	0.774	0.833	0.891	0.946
9008	9028	0.072	0.151	0.235	0.324	0.415	0.506	0.593	0.675	0.751	0.82	0.885	0.944
9008	9053	0.11	0.214	0.313	0.407	0.499	0.587	0.673	0.757	0.839	0.919
9002	9005	0.086	0.168	0.246	0.321	0.393	0.464	0.533	0.601	0.668	0.734	0.801	0.867	0.933
9002	9003	0.15	0.265	0.365	0.455	0.54	0.622	0.701	0.779	0.854	0.928
9005	9050	0.08	0.163	0.247	0.332	0.417	0.506	0.598	0.7	0.821
9009	9040	0.104	0.199	0.289	0.375	0.459	0.543	0.627	0.714	0.804	0.898
9003	9027	0.088	0.169	0.244	0.316	0.386	0.453	0.519	0.584	0.647	0.71	0.771	0.83	0.888	0.944
9003	9025	0.15	0.297	0.435	0.564	0.686	0.8	0.905
9009	9028	0.143	0.28	0.391	0.484	0.565	0.638	0.706	0.77	0.83	0.888	0.944
9012	9053	0.116	0.223	0.322	0.412	0.497	0.576	0.652	0.725	0.796	0.865	0.932
9012	9042	0.144	0.26	0.36	0.453	0.542	0.628	0.715	0.804	0.897
9042	9053	0.085	0.166	0.244	0.32	0.394	0.469	0.546	0.628	0.718	0.826
9013	9040	0.128	0.224	0.308	0.385	0.459	0.532	0.605	0.679	0.755	0.834	0.916
9011	9040	0.145	0.261	0.36	0.45	0.535	0.618	0.702	0.79	0.885
9005	9011	0.111	0.224	0.331	0.428	0.518	0.601	0.679	0.751	0.819	0.882	0.942
9011	9027	0.062	0.126	0.193	0.262	0.333	0.406	0.48	0.557	0.636	0.719	0.805	0.898
9011	9038	0.165	0.275	0.367	0.449	0.526	0.599	0.67	0.739	0.806	0.872	0.936
9013	9038	0.083	0.162	0.237	0.311	0.384	0.456	0.528	0.601	0.675	0.751	0.83	0.912
9013	9051	0.104	0.185	0.255	0.319	0.38	0.437	0.492	0.547	0.6	0.654	0.707	0.762	0.818	0.875	0.935
9012	9034	0.102	0.195	0.283	0.367	0.449	0.53	0.61	0.69	0.769	0.848	0.925
9006	9025	0.121	0.241	0.354	0.462	0.566	0.67	0.774	0.882
9006	9048	0.062	0.133	0.213	0.298	0.384	0.463	0.532	0.593	0.647	0.694	0.737	0.775	0.81	0.843	0.873	0.901	0.927	0.952	0.976
9006	9035	0.117	0.227	0.328	0.422	0.51	0.592	0.669	0.742	0.811	0.877	0.939
9010	9035	0.047	0.1	0.158	0.222	0.294	0.374	0.464	0.561	0.661	0.757	0.846	0.927
9010	9048	0.155	0.282	0.395	0.5	0.6	0.698	0.796	0.896
9027	9048	0.136	0.263	0.38	0.488	0.588	0.681	0.768	0.849	0.926
9029	9038	0.084	0.176	0.275	0.38	0.49	0.6	0.708	0.812	0.909
9010	9036	0.147	0.279	0.394	0.497	0.588	0.671	0.746	0.816	0.881	0.942
9029	9036	0.07	0.142	0.216	0.29	0.365	0.44	0.516	0.592	0.669	0.748	0.829	0.912
9014	9029	0.115	0.217	0.31	0.398	0.482	0.563	0.643	0.72	0.794	0.866	0.934
9014	9049	0.147	0.268	0.374	0.47	0.56	0.644	0.724	0.799	0.869	0.936
9014	9037	0.158	0.273	0.371	0.46	0.546	0.631	0.716	0.804	0.898
9016	9037	0.057	0.117	0.181	0.249	0.321	0.398	0.478	0.562	0.649	0.738	0.827	0.914
9016	9049	0.11	0.218	0.321	0.417	0.508	0.594	0.674	0.749	0.818	0.883	0.943
9016	9030	0.132	0.237	0.327	0.409	0.486	0.56	0.632	0.703	0.774	0.847	0.921
9031	9049	0.169	0.308	0.429	0.538	0.639	0.736	0.827	0.915
9030	9031	0.114	0.205	0.283	0.353	0.418	0.481	0.541	0.601	0.661	0.721	0.783	0.849	0.919
9030	9039	0.104	0.205	0.303	0.399	0.494	0.591	0.689	0.789	0.893
9024	9039	0.191	0.303	0.396	0.479	0.559	0.638	0.718	0.802	0.893
9015	9039	0.131	0.237	0.33	0.416	0.498	0.578	0.657	0.737	0.82	0.906
9015	9031	0.085	0.177	0.274	0.371	0.467	0.559	0.649	0.738	0.826	0.913
9015	9032	0.095	0.187	0.276	0.364	0.45	0.536	0.623	0.712	0.803	0.898
9032	9051	0.146	0.261	0.36	0.45	0.534	0.614	0.692	0.768	0.844	0.921
9042	9043	0.119	0.222	0.315	0.403	0.487	0.569	0.65	0.733	0.817	0.905
9018	9043	0.075	0.15	0.226	0.301	0.376	0.451	0.526	0.602	0.679	0.757	0.836	0.916
9018	9052	0.094	0.184	0.271	0.357	0.442	0.528	0.614	0.703	0.796	0.893
9034	9052	0.133	0.232	0.318	0.396	0.471	0.545	0.62	0.698	0.783	0.879
9033	9034	0.092	0.166	0.231	0.291	0.347	0.401	0.453	0.504	0.554	0.604	0.655	0.706	0.759	0.813	0.871	0.932
9033	9051	0.067	0.134	0.2	0.266	0.331	0.398	0.464	0.532	0.602	0.673	0.748	0.825	0.908
9017	9033	0.095	0.193	0.293	0.395	0.502	0.613	0.731	0.858
9017	9039	0.137	0.271	0.399	0.519	0.631	0.734	0.829	0.917
9024	9044	0.156	0.282	0.392	0.491	0.584	0.672	0.757	0.839	0.919
9019	9044	0.133	0.245	0.344	0.437	0.525	0.613	0.701	0.792	0.889
9019	9054	0.098	0.208	0.321	0.425	0.517	0.597	0.666	0.728	0.783	0.833	0.879	0.922	0.961
9019	9055	0.107	0.211	0.313	0.41	0.504	0.595	0.682	0.766	0.846	0.924
9001	9054	0.139	0.236	0.318	0.395	0.468	0.541	0.615	0.694	0.78	0.879
9020	9055	0.106	0.205	0.3	0.393	0.485	0.578	0.674	0.775	0.882
9020	9056	0.102	0.195	0.28	0.36	0.437	0.513	0.589	0.666	0.746	0.829	0.914
9023	9056	0.089	0.171	0.247	0.321	0.393	0.463	0.533	0.604	0.676	0.75	0.827	0.909
9020	9044	0.052	0.104	0.155	0.205	0.255	0.304	0.353	0.402	0.451	0.5	0.55	0.601	0.652	0.706	0.76	0.817	0.876	0.936
9020	9045	0.108	0.211	0.309	0.404	0.495	0.584	0.671	0.756	0.839	0.919
9020	9057	0.141	0.256	0.357	0.452	0.542	0.631	0.72	0.81	0.902
9023	9057	0.072	0.141	0.208	0.273	0.336	0.399	0.461	0.522	0.584	0.647	0.711	0.778	0.846	0.92
9023	9047	0.158	0.265	0.354	0.434	0.51	0.581	0.651	0.72	0.789	0.858	0.928
9023	9058	0.096	0.19	0.28	0.366	0.449	0.53	0.609	0.687	0.765	0.842	0.92
9021	9057	0.087	0.173	0.258	0.342	0.424	0.506	0.588	0.671	0.755	0.839	0.921
9021	9045	0.081	0.171	0.268	0.374	0.485	0.598	0.709	0.813	0.91
9021	9058	0.121	0.215	0.294	0.364	0.43	0.494	0.556	0.619	0.684	0.751	0.824	0.906
9046	9058	0.093	0.181	0.266	0.35	0.433	0.517	0.603	0.692	0.785	0.886
9021	9046	0.149	0.245	0.328	0.403	0.475	0.547	0.62	0.697	0.781	0.878
9047	9058	0.079	0.153	0.223	0.29	0.354	0.417	0.48	0.543	0.608	0.676	0.747	0.824	0.908
9022	9047	0.105	0.191	0.267	0.336	0.401	0.464	0.525	0.586	0.645	0.705	0.765	0.824	0.883	0.942
9022	9046	0.145	0.244	0.329	0.405	0.478	0.547	0.617	0.686	0.757	0.831	0.911
