10501	10502	0.125	0.248	0.367	0.483	0.595	0.702	0.805	0.904
10502	10503	0.106	0.218	0.335	0.458	0.586	0.719	0.857
10503	10504	0.094	0.19	0.288	0.387	0.488	0.59	0.693	0.795	0.897
10504	10505	0.09	0.183	0.278	0.375	0.474	0.576	0.679	0.784	0.891
10504	10506	0.088	0.178	0.267	0.356	0.443	0.529	0.613	0.695	0.774	0.851	0.926
10505	10506	0.164	0.323	0.474	0.617	0.752	0.879
10506	10511	0.161	0.316	0.466	0.609	0.745	0.875
10507	10508	0.155	0.309	0.458	0.602	0.741	0.873
10508	10509	0.113	0.231	0.354	0.481	0.611	0.741	0.871
10509	10510	0.193	0.396	0.603	0.806
10510	10511	0.197	0.38	0.55	0.709	0.858
