5005	5010	1987	1555	2217	1604
5001	5002	870	1600
5001	5003	1069	1528
5001	5004	1260	1694
5002	5003	848	1529	1075	1408
5002	5006	799	1329
5003	5004	1368	1510
5004	5005	1574	1580	1725	1680
5005	5008	1829	1549
5006	5011	949	1235
5006	5007	1301	1363
5007	5008	1681	1356
5007	5013	1658	1284
5008	5014	1872	1265
5008	5009	1919	1375	2074	1410
5009	5010	2281	1433	2276	1497
5010	5016	2460	1448	2472	1320
5011	5018	1100	1100
5012	5018	1353	1121
5012	5013	1659	1111
5013	5014	1919	1190
5014	5015	2110	1103
5015	5016	2398	1254
5015	5021	2157	997	2175	862
5015	5023	2364	1106
5017	5018	1052	914
5017	5024	875	837
5018	5019	1266	949
5019	5020	1561	929	1715	899
5019	5024	1218	886
5020	5021	1963	893
5020	5027	1746	839	1595	814
5021	5029	2137	678
5021	5030	2333	693
5022	5030	2525	833
5023	5030	2632	851
5024	5025	842	784	772	693
5024	5026	1126	767
5025	5031	721	595
5026	5031	1134	584
5026	5027	1367	640
5027	5028	1620	651	1694	721
5027	5032	1426	612
5028	5033	1749	647
5029	5033	1949	535	1846	581
5030	5034	2566	633
5031	5035	920	476
5032	5033	1545	504	1668	474
5032	5036	1264	402
5034	5037	2351	572
5034	5038	2373	486
5035	5046	783	280
5036	5046	1052	378	1038	282
5037	5042	2112	516
5038	5043	2340	291	2270	264
5039	5040	1350	208
5039	5046	1066	138
5040	5041	1596	301
5040	5045	1538	199
5041	5042	1890	355
5041	5045	1753	275
5043	5044	2120	124
5044	5045	1806	157
