5005	5010	0.056	0.137	0.21	0.266	0.312	0.354	0.392	0.428	0.464	0.499	0.533	0.568	0.603	0.64	0.679	0.722	0.769	0.823	0.887	0.949
5001	5002	0.092	0.186	0.283	0.381	0.481	0.582	0.685	0.789	0.894
5001	5003	0.151	0.293	0.427	0.553	0.672	0.786	0.894
5001	5004	0.051	0.104	0.158	0.214	0.271	0.329	0.389	0.451	0.515	0.58	0.646	0.714	0.784	0.855	0.926
5002	5003	0.091	0.191	0.248	0.292	0.332	0.368	0.402	0.434	0.467	0.498	0.53	0.562	0.596	0.631	0.668	0.709	0.756	0.815	0.89	0.954
5002	5006	0.059	0.121	0.184	0.248	0.312	0.377	0.441	0.505	0.567	0.627	0.686	0.742	0.797	0.85	0.901	0.951
5003	5004	0.068	0.138	0.211	0.287	0.367	0.449	0.534	0.623	0.714	0.807	0.902
5004	5005	0.032	0.071	0.117	0.171	0.23	0.287	0.339	0.389	0.435	0.481	0.526	0.571	0.617	0.665	0.715	0.766	0.817	0.863	0.904	0.94	0.971
5005	5008	0.161	0.32	0.473	0.617	0.753	0.88
5006	5011	0.104	0.212	0.32	0.428	0.534	0.636	0.734	0.826	0.915
5006	5007	0.051	0.103	0.156	0.211	0.267	0.324	0.383	0.443	0.505	0.569	0.635	0.703	0.773	0.846	0.921
5007	5008	0.057	0.116	0.177	0.238	0.3	0.364	0.429	0.496	0.563	0.633	0.703	0.775	0.848	0.923
5007	5013	0.062	0.125	0.19	0.256	0.323	0.392	0.463	0.535	0.608	0.683	0.76	0.838	0.918
5008	5014	0.077	0.156	0.235	0.315	0.396	0.476	0.555	0.633	0.71	0.785	0.858	0.929
5008	5009	0.061	0.137	0.217	0.287	0.349	0.405	0.458	0.51	0.56	0.611	0.663	0.716	0.772	0.831	0.891	0.947
5009	5010	0.049	0.11	0.185	0.283	0.399	0.526	0.668	0.823	0.928
5010	5016	0.036	0.077	0.124	0.178	0.237	0.3	0.363	0.426	0.489	0.553	0.62	0.692	0.774	0.863	0.939
5011	5018	0.077	0.158	0.244	0.334	0.429	0.53	0.637	0.751	0.872
5012	5018	0.085	0.17	0.253	0.335	0.415	0.494	0.571	0.646	0.72	0.792	0.863	0.931
5012	5013	0.079	0.161	0.245	0.332	0.42	0.511	0.604	0.699	0.797	0.897
5013	5014	0.09	0.182	0.276	0.372	0.471	0.571	0.674	0.78	0.888
5014	5015	0.118	0.236	0.353	0.468	0.58	0.689	0.796	0.899
5015	5016	0.055	0.112	0.171	0.232	0.295	0.362	0.431	0.502	0.577	0.656	0.737	0.822	0.909
5015	5021	0.053	0.123	0.2	0.27	0.333	0.391	0.448	0.506	0.568	0.642	0.78	0.906	0.959
5015	5023	0.097	0.192	0.282	0.369	0.452	0.531	0.607	0.679	0.748	0.814	0.878	0.939
5017	5018	0.056	0.113	0.172	0.233	0.296	0.36	0.426	0.493	0.563	0.633	0.705	0.778	0.851	0.925
5017	5024	0.116	0.233	0.348	0.463	0.575	0.685	0.793	0.897
5018	5019	0.106	0.211	0.315	0.417	0.518	0.618	0.715	0.812	0.906
5019	5020	0.047	0.096	0.147	0.197	0.248	0.299	0.35	0.401	0.453	0.506	0.562	0.621	0.687	0.763	0.864
5019	5024	0.071	0.142	0.211	0.279	0.346	0.411	0.475	0.537	0.599	0.659	0.718	0.776	0.833	0.889	0.944
5020	5021	0.073	0.147	0.222	0.297	0.373	0.449	0.526	0.604	0.681	0.76	0.839	0.918
5020	5027	0.062	0.154	0.249	0.324	0.388	0.446	0.502	0.555	0.609	0.663	0.718	0.774	0.828	0.878	0.923	0.963
5021	5029	0.057	0.116	0.178	0.242	0.308	0.377	0.449	0.523	0.599	0.677	0.757	0.838	0.918
5021	5030	0.043	0.087	0.133	0.179	0.227	0.276	0.325	0.376	0.428	0.481	0.536	0.591	0.647	0.704	0.762	0.821	0.88	0.939
5022	5030	0.08	0.166	0.258	0.357	0.462	0.572	0.684	0.794	0.899
5023	5030	0.081	0.166	0.252	0.339	0.426	0.514	0.6	0.685	0.767	0.847	0.924
5024	5025	0.035	0.075	0.122	0.179	0.246	0.32	0.396	0.471	0.545	0.62	0.695	0.766	0.829	0.882	0.926	0.965
5024	5026	0.098	0.197	0.296	0.396	0.496	0.596	0.696	0.797	0.898
5025	5031	0.09	0.18	0.269	0.358	0.444	0.529	0.612	0.694	0.773	0.85	0.925
5026	5031	0.076	0.153	0.228	0.303	0.376	0.447	0.516	0.583	0.648	0.711	0.772	0.832	0.889	0.945
5026	5027	0.098	0.198	0.3	0.402	0.504	0.606	0.706	0.806	0.903
5027	5028	0.047	0.106	0.182	0.276	0.371	0.461	0.545	0.629	0.71	0.787	0.854	0.91	0.958
5027	5032	0.124	0.249	0.371	0.488	0.601	0.708	0.81	0.907
5028	5033	0.124	0.25	0.377	0.505	0.632	0.757	0.879
5029	5033	0.066	0.162	0.278	0.375	0.457	0.533	0.606	0.679	0.753	0.826	0.892	0.949
5030	5034	0.181	0.35	0.505	0.645	0.772	0.89
5031	5035	0.126	0.255	0.384	0.506	0.621	0.726	0.824	0.914
5032	5033	0.057	0.119	0.184	0.248	0.312	0.375	0.438	0.503	0.572	0.65	0.742	0.849	0.936
5032	5036	0.08	0.162	0.247	0.333	0.422	0.512	0.605	0.7	0.798	0.897
5034	5037	0.093	0.191	0.294	0.401	0.513	0.629	0.75	0.873
5034	5038	0.102	0.207	0.313	0.42	0.525	0.628	0.727	0.821	0.912
5035	5046	0.123	0.249	0.374	0.494	0.608	0.715	0.816	0.91
5036	5046	0.054	0.129	0.242	0.357	0.453	0.539	0.622	0.704	0.782	0.851	0.909	0.957
5037	5042	0.088	0.176	0.263	0.35	0.436	0.52	0.604	0.686	0.766	0.845	0.923
5038	5043	0.129	0.311	0.438	0.549	0.663	0.792	0.912
5039	5040	0.121	0.245	0.37	0.496	0.623	0.749	0.874
5039	5046	0.068	0.138	0.21	0.285	0.361	0.439	0.519	0.6	0.681	0.762	0.842	0.921
5040	5041	0.089	0.183	0.281	0.384	0.493	0.608	0.73	0.86
5040	5045	0.127	0.251	0.37	0.485	0.595	0.702	0.804	0.903
5041	5042	0.059	0.121	0.186	0.254	0.326	0.402	0.482	0.569	0.663	0.765	0.876
5041	5045	0.103	0.216	0.34	0.475	0.615	0.752	0.881
5043	5044	0.083	0.167	0.251	0.334	0.416	0.496	0.574	0.65	0.724	0.796	0.866	0.933
5044	5045	0.107	0.217	0.327	0.439	0.551	0.663	0.776	0.887
