13	41	0.046	0.096	0.148	0.202	0.256	0.31	0.362	0.413	0.463	0.512	0.56	0.607	0.653	0.698	0.743	0.787	0.831	0.874	0.916	0.958
1	2	0.058	0.113	0.168	0.222	0.277	0.334	0.393	0.458	0.532	0.622	0.733	0.831	0.901	0.954
1	4	0.099	0.199	0.299	0.401	0.507	0.622	0.749	0.883
2	4	0.239	0.4	0.526	0.635	0.734	0.826	0.914
1	3	0.079	0.166	0.261	0.363	0.471	0.584	0.698	0.807	0.908
3	4	0.071	0.147	0.227	0.313	0.405	0.505	0.614	0.734	0.864
2	5	0.086	0.184	0.291	0.403	0.514	0.621	0.717	0.802	0.876	0.941
4	6	0.116	0.246	0.388	0.53	0.656	0.764	0.854	0.931
5	6	0.082	0.164	0.246	0.328	0.411	0.496	0.584	0.675	0.773	0.879
5	7	0.061	0.126	0.198	0.276	0.36	0.449	0.539	0.626	0.705	0.775	0.839	0.897	0.95
5	8	0.085	0.213	0.345	0.456	0.558	0.657	0.75	0.831	0.897	0.952
7	8	0.187	0.353	0.497	0.622	0.732	0.83	0.918
8	10	0.145	0.258	0.358	0.452	0.544	0.637	0.736	0.849
7	11	0.113	0.214	0.302	0.38	0.453	0.52	0.584	0.645	0.703	0.759	0.812	0.863	0.91	0.956
11	12	0.046	0.096	0.149	0.208	0.272	0.343	0.421	0.504	0.589	0.668	0.74	0.804	0.86	0.911	0.957
11	14	0.023	0.048	0.076	0.105	0.138	0.173	0.211	0.251	0.293	0.334	0.375	0.415	0.454	0.493	0.531	0.569	0.607	0.646	0.685	0.726	0.77	0.817	0.869	0.929
12	14	0.142	0.279	0.409	0.532	0.652	0.768	0.883
14	15	0.154	0.282	0.389	0.485	0.573	0.658	0.742	0.825	0.91
15	18	0.14	0.243	0.331	0.412	0.492	0.573	0.66	0.761	0.882
18	48	0.187	0.389	0.566	0.707	0.822	0.917
48	50	0.129	0.253	0.372	0.487	0.598	0.704	0.807	0.905
49	50	0.103	0.199	0.288	0.374	0.457	0.538	0.619	0.699	0.778	0.856	0.929
49	52	0.087	0.171	0.253	0.332	0.41	0.486	0.562	0.636	0.711	0.784	0.857	0.928
52	53	0.065	0.131	0.194	0.255	0.313	0.37	0.427	0.484	0.545	0.611	0.688	0.791	0.917
97	98	0.085	0.174	0.265	0.355	0.442	0.523	0.6	0.671	0.736	0.797	0.852	0.905	0.953
98	135	0.118	0.231	0.337	0.436	0.53	0.619	0.703	0.782	0.858	0.93
98	134	0.051	0.105	0.159	0.215	0.271	0.328	0.386	0.446	0.507	0.571	0.639	0.712	0.794	0.889
95	96	0.083	0.179	0.29	0.417	0.556	0.692	0.813	0.914
94	95	0.124	0.267	0.425	0.589	0.746	0.883
92	124	0.113	0.232	0.353	0.469	0.579	0.68	0.771	0.854	0.93
91	124	0.103	0.223	0.362	0.518	0.684	0.85
81	119	0.056	0.118	0.188	0.266	0.352	0.446	0.544	0.64	0.73	0.809	0.88	0.943
81	82	0.174	0.346	0.525	0.728
6	9	0.117	0.242	0.369	0.494	0.618	0.742	0.869
9	10	0.087	0.185	0.288	0.39	0.49	0.591	0.696	0.804	0.909
10	11	0.091	0.189	0.292	0.399	0.509	0.616	0.72	0.819	0.911
10	13	0.059	0.12	0.179	0.236	0.291	0.343	0.393	0.441	0.487	0.532	0.576	0.62	0.662	0.704	0.746	0.788	0.829	0.871	0.913	0.956
11	13	0.05	0.102	0.156	0.211	0.269	0.329	0.393	0.461	0.532	0.604	0.673	0.737	0.794	0.844	0.888	0.928	0.965
12	13	0.085	0.173	0.261	0.351	0.442	0.534	0.627	0.72	0.813	0.906
13	41	0.046	0.096	0.148	0.202	0.256	0.31	0.362	0.413	0.463	0.512	0.56	0.607	0.653	0.698	0.743	0.787	0.831	0.874	0.916	0.958
15	48	0.133	0.25	0.35	0.441	0.529	0.618	0.712	0.822
47	48	0.141	0.269	0.394	0.521	0.657	0.815
47	50	0.085	0.165	0.24	0.314	0.386	0.458	0.53	0.604	0.68	0.759	0.839	0.92
49	51	0.106	0.23	0.373	0.524	0.669	0.796	0.905
51	52	0.133	0.245	0.349	0.45	0.551	0.655	0.766	0.882
46	49	0.079	0.161	0.239	0.314	0.386	0.456	0.526	0.597	0.67	0.748	0.831	0.917
46	51	0.048	0.098	0.15	0.203	0.258	0.315	0.376	0.44	0.509	0.586	0.672	0.766	0.858	0.935
41	46	0.066	0.143	0.235	0.338	0.447	0.554	0.66	0.765	0.875
41	42	0.108	0.219	0.328	0.434	0.534	0.629	0.716	0.796	0.869	0.937
31	32	0.063	0.128	0.194	0.263	0.334	0.408	0.486	0.567	0.649	0.73	0.807	0.877	0.941
31	33	0.084	0.176	0.278	0.387	0.502	0.619	0.73	0.832	0.921
32	33	0.099	0.202	0.307	0.411	0.516	0.622	0.733	0.854
32	34	0.059	0.124	0.192	0.265	0.341	0.421	0.503	0.585	0.666	0.743	0.814	0.881	0.942
32	39	0.026	0.055	0.089	0.128	0.175	0.234	0.304	0.379	0.449	0.513	0.576	0.638	0.702	0.772	0.851	0.932
39	41	0.094	0.18	0.257	0.33	0.398	0.465	0.532	0.6	0.671	0.746	0.827	0.914
33	36	0.104	0.201	0.292	0.379	0.465	0.55	0.635	0.721	0.81	0.902
35	36	0.054	0.116	0.188	0.27	0.358	0.447	0.535	0.622	0.709	0.8	0.896
36	38	0.14	0.255	0.356	0.451	0.543	0.637	0.737	0.849
34	38	0.089	0.182	0.279	0.379	0.482	0.588	0.695	0.801	0.903
34	40	0.091	0.187	0.287	0.389	0.495	0.605	0.722	0.852
40	42	0.116	0.228	0.341	0.459	0.587	0.74
42	44	0.142	0.278	0.407	0.534	0.665	0.811
42	43	0.115	0.226	0.336	0.444	0.552	0.661	0.772	0.884
43	44	0.174	0.321	0.449	0.566	0.678	0.787	0.894
40	43	0.168	0.307	0.428	0.541	0.651	0.76	0.874
43	45	0.195	0.34	0.469	0.591	0.714	0.846
35	37	0.067	0.131	0.193	0.254	0.316	0.379	0.446	0.52	0.604	0.715	0.885
36	37	0.133	0.244	0.344	0.438	0.529	0.62	0.711	0.805	0.901
37	38	0.125	0.231	0.328	0.419	0.509	0.598	0.689	0.784	0.886
34	45	0.145	0.207	0.256	0.3	0.339	0.377	0.413	0.448	0.482	0.516	0.551	0.586	0.622	0.66	0.7	0.744	0.794	0.859
45	85	0.088	0.161	0.225	0.286	0.344	0.401	0.459	0.52	0.584	0.656	0.744	0.874
45	84	0.111	0.206	0.291	0.371	0.447	0.521	0.595	0.669	0.744	0.823	0.906
84	85	0.161	0.32	0.454	0.576	0.698	0.831
83	84	0.141	0.252	0.347	0.436	0.524	0.618	0.726	0.866
45	83	0.133	0.237	0.329	0.415	0.499	0.584	0.673	0.768	0.875
37	78	0.069	0.151	0.249	0.361	0.477	0.584	0.678	0.759	0.83	0.893	0.948
78	83	0.063	0.139	0.228	0.325	0.421	0.512	0.6	0.688	0.779	0.878
78	86	0.146	0.25	0.334	0.412	0.486	0.563	0.646	0.745	0.879
78	87	0.204	0.348	0.452	0.541	0.622	0.698	0.772	0.846	0.921
77	86	0.087	0.171	0.252	0.33	0.407	0.485	0.567	0.657	0.761	0.884
76	77	0.151	0.322	0.452	0.562	0.664	0.765	0.872
76	79	0.083	0.181	0.298	0.43	0.561	0.678	0.778	0.862	0.935
79	80	0.161	0.28	0.385	0.483	0.579	0.678	0.78	0.889
77	79	0.103	0.205	0.304	0.402	0.497	0.59	0.68	0.766	0.848	0.926
79	81	0.135	0.236	0.323	0.403	0.48	0.555	0.631	0.709	0.792	0.885
80	81	0.063	0.128	0.194	0.262	0.33	0.4	0.471	0.545	0.622	0.703	0.791	0.887
86	88	0.119	0.239	0.356	0.469	0.579	0.686	0.79	0.894
80	88	0.106	0.217	0.328	0.438	0.552	0.676	0.823
87	89	0.109	0.224	0.337	0.446	0.55	0.65	0.745	0.835	0.919
87	90	0.135	0.237	0.327	0.41	0.49	0.568	0.646	0.722	0.798	0.87	0.937
89	90	0.103	0.208	0.318	0.437	0.571	0.74
89	92	0.116	0.217	0.309	0.397	0.484	0.571	0.662	0.76	0.87
88	92	0.084	0.162	0.237	0.309	0.379	0.45	0.521	0.595	0.674	0.76	0.862
90	92	0.069	0.132	0.191	0.246	0.3	0.353	0.405	0.457	0.509	0.563	0.619	0.678	0.741	0.811	0.894
90	93	0.227	0.387	0.521	0.643	0.76	0.877
93	94	0.143	0.272	0.395	0.515	0.634	0.755	0.877
93	96	0.18	0.32	0.444	0.562	0.684	0.82
93	95	0.112	0.206	0.29	0.368	0.442	0.513	0.582	0.65	0.718	0.786	0.855	0.926
217	218	0.038	0.08	0.125	0.175	0.228	0.286	0.348	0.413	0.479	0.546	0.613	0.679	0.744	0.808	0.872	0.936
119	120	0.07	0.15	0.244	0.352	0.474	0.601	0.722	0.828	0.92
120	123	0.073	0.151	0.23	0.31	0.39	0.469	0.547	0.623	0.699	0.774	0.849	0.924
121	123	0.112	0.195	0.265	0.33	0.39	0.448	0.504	0.56	0.615	0.671	0.729	0.789	0.853	0.922
121	125	0.19	0.373	0.535	0.675	0.797	0.903
124	125	0.118	0.231	0.335	0.435	0.533	0.631	0.735	0.851
124	126	0.163	0.294	0.413	0.525	0.635	0.748	0.866
126	127	0.144	0.27	0.389	0.505	0.622	0.742	0.869
95	127	0.065	0.131	0.198	0.267	0.336	0.407	0.48	0.558	0.642	0.738	0.855
95	133	0.054	0.112	0.171	0.232	0.295	0.359	0.423	0.488	0.552	0.615	0.677	0.736	0.794	0.849	0.901	0.951
133	134	0.111	0.237	0.372	0.503	0.624	0.732	0.829	0.918
133	137	0.142	0.251	0.343	0.425	0.5	0.573	0.643	0.712	0.781	0.851	0.923
137	138	0.082	0.168	0.252	0.337	0.423	0.51	0.595	0.67	0.734	0.788	0.833	0.874	0.909	0.942	0.971
135	138	0.075	0.159	0.249	0.34	0.427	0.509	0.585	0.656	0.721	0.783	0.842	0.897	0.949
105	135	0.053	0.114	0.186	0.273	0.381	0.505	0.625	0.733	0.829	0.917
138	143	0.092	0.199	0.319	0.447	0.575	0.697	0.809	0.91
183	191	0.233	0.333	0.414	0.489	0.562	0.639	0.724	0.822	0.921
183	186	0.188	0.323	0.437	0.543	0.646	0.751	0.864
186	189	0.108	0.204	0.288	0.363	0.432	0.497	0.561	0.625	0.689	0.755	0.826	0.904
189	225	0.081	0.165	0.247	0.327	0.405	0.481	0.557	0.635	0.715	0.802	0.896
225	235	0.107	0.204	0.288	0.365	0.439	0.512	0.586	0.662	0.741	0.818	0.887	0.947
231	235	0.172	0.301	0.415	0.522	0.628	0.738	0.857
225	231	0.048	0.099	0.154	0.21	0.268	0.326	0.384	0.443	0.501	0.559	0.617	0.677	0.737	0.8	0.864	0.93
230	231	0.047	0.102	0.166	0.246	0.35	0.481	0.61	0.722	0.82	0.911
225	227	0.048	0.099	0.154	0.213	0.276	0.344	0.418	0.499	0.586	0.678	0.771	0.857	0.933
227	230	0.093	0.182	0.269	0.354	0.439	0.525	0.616	0.715	0.831
224	227	0.067	0.138	0.214	0.295	0.383	0.48	0.587	0.707	0.844
224	226	0.051	0.11	0.181	0.269	0.383	0.533	0.69	0.819	0.919
226	229	0.134	0.229	0.31	0.385	0.455	0.523	0.592	0.661	0.733	0.81	0.896
228	229	0.055	0.117	0.187	0.269	0.37	0.495	0.625	0.73	0.814	0.884	0.944
226	228	0.061	0.134	0.221	0.329	0.459	0.595	0.711	0.805	0.88	0.944
177	226	0.051	0.106	0.166	0.23	0.297	0.366	0.437	0.51	0.586	0.665	0.749	0.836	0.921
177	187	0.099	0.204	0.318	0.438	0.561	0.676	0.776	0.861	0.934
175	187	0.106	0.204	0.297	0.39	0.483	0.581	0.688	0.814
175	180	0.065	0.138	0.22	0.314	0.422	0.548	0.692	0.846
180	184	0.117	0.224	0.323	0.418	0.513	0.61	0.714	0.834
175	184	0.226	0.35	0.457	0.556	0.656	0.76	0.873
181	184	0.092	0.178	0.259	0.337	0.414	0.494	0.576	0.662	0.748	0.827	0.894	0.95
181	182	0.108	0.251	0.405	0.537	0.649	0.748	0.838	0.921
182	183	0.232	0.368	0.474	0.569	0.661	0.756	0.861
181	183	0.17	0.306	0.431	0.553	0.681	0.823
183	185	0.087	0.182	0.278	0.37	0.462	0.555	0.657	0.783
185	188	0.08	0.164	0.25	0.34	0.434	0.532	0.636	0.748	0.868
184	188	0.071	0.152	0.245	0.352	0.475	0.612	0.754	0.887
188	224	0.036	0.079	0.129	0.191	0.266	0.346	0.423	0.494	0.562	0.629	0.697	0.771	0.858
177	219	0.111	0.21	0.297	0.378	0.455	0.53	0.607	0.686	0.773	0.871
176	219	0.075	0.154	0.236	0.32	0.405	0.492	0.581	0.674	0.773	0.882
174	176	0.065	0.135	0.21	0.292	0.379	0.473	0.572	0.677	0.785	0.893
174	177	0.071	0.143	0.214	0.284	0.354	0.424	0.494	0.564	0.635	0.706	0.777	0.85	0.923
219	223	0.125	0.232	0.328	0.416	0.498	0.576	0.651	0.724	0.794	0.863	0.931
222	223	0.109	0.209	0.305	0.399	0.495	0.596	0.705	0.833
221	222	0.087	0.186	0.297	0.419	0.545	0.669	0.787	0.897
219	221	0.092	0.195	0.307	0.426	0.55	0.673	0.791	0.9
220	221	0.068	0.135	0.201	0.269	0.341	0.42	0.514	0.635	0.76	0.845	0.907	0.956
217	220	0.129	0.248	0.359	0.468	0.579	0.7	0.841
214	217	0.06	0.127	0.2	0.282	0.375	0.479	0.598	0.728	0.865
168	214	0.133	0.241	0.342	0.443	0.55	0.673	0.805	0.916
168	213	0.079	0.17	0.267	0.362	0.457	0.552	0.651	0.76	0.882
213	215	0.103	0.223	0.351	0.483	0.622	0.783
213	216	0.081	0.178	0.292	0.421	0.553	0.672	0.774	0.861	0.934
215	216	0.182	0.321	0.447	0.573	0.693	0.796	0.878	0.943
216	217	0.129	0.239	0.342	0.446	0.553	0.669	0.792	0.906
216	218	0.154	0.242	0.312	0.373	0.431	0.486	0.542	0.599	0.659	0.727	0.81
166	213	0.076	0.153	0.229	0.303	0.376	0.448	0.519	0.588	0.657	0.725	0.793	0.861	0.93
164	166	0.194	0.28	0.35	0.415	0.477	0.539	0.604	0.677	0.767
164	165	0.182	0.293	0.388	0.477	0.563	0.647	0.729	0.807	0.879	0.942
164	251	0.213	0.381	0.536	0.687	0.841
165	167	0.158	0.266	0.354	0.434	0.509	0.582	0.655	0.73	0.81	0.898
167	168	0.085	0.171	0.249	0.321	0.387	0.45	0.513	0.575	0.64	0.708	0.785	0.877
167	173	0.212	0.32	0.4	0.471	0.54	0.61	0.686	0.78
173	176	0.123	0.218	0.296	0.366	0.43	0.49	0.549	0.607	0.665	0.724	0.785	0.849	0.92
172	173	0.221	0.311	0.386	0.453	0.519	0.584	0.651	0.725	0.815
172	174	0.137	0.244	0.335	0.417	0.492	0.563	0.631	0.696	0.758	0.82	0.88	0.94
171	172	0.055	0.123	0.202	0.28	0.35	0.414	0.473	0.529	0.584	0.639	0.695	0.753	0.817	0.892
131	171	0.137	0.218	0.281	0.335	0.385	0.431	0.476	0.52	0.563	0.606	0.651	0.696	0.744	0.795	0.851	0.917
129	131	0.152	0.288	0.397	0.496	0.589	0.683	0.782	0.888
129	132	0.174	0.28	0.363	0.436	0.503	0.567	0.63	0.691	0.752	0.814	0.876	0.938
132	171	0.096	0.19	0.283	0.375	0.467	0.559	0.651	0.742	0.832	0.918
171	178	0.13	0.27	0.407	0.531	0.638	0.729	0.809	0.879	0.942
132	178	0.084	0.178	0.261	0.332	0.397	0.457	0.516	0.574	0.633	0.695	0.76	0.833	0.915
132	136	0.108	0.201	0.285	0.364	0.442	0.52	0.602	0.694	0.805
133	136	0.174	0.259	0.323	0.378	0.428	0.476	0.522	0.568	0.614	0.662	0.711	0.765	0.825	0.898
129	136	0.095	0.2	0.314	0.433	0.551	0.662	0.761	0.849	0.928
127	133	0.143	0.252	0.348	0.437	0.522	0.606	0.692	0.782	0.881
125	128	0.139	0.267	0.385	0.496	0.602	0.704	0.803	0.901
128	130	0.114	0.216	0.312	0.403	0.493	0.583	0.674	0.771	0.876
128	131	0.086	0.178	0.274	0.375	0.483	0.594	0.705	0.812	0.91
131	170	0.091	0.177	0.257	0.33	0.399	0.466	0.531	0.596	0.663	0.732	0.807	0.891
130	170	0.072	0.146	0.221	0.297	0.373	0.449	0.525	0.601	0.678	0.756	0.835	0.915
169	170	0.082	0.179	0.292	0.418	0.55	0.688	0.834
163	169	0.139	0.26	0.364	0.46	0.554	0.65	0.754	0.871
130	163	0.037	0.079	0.125	0.177	0.237	0.308	0.391	0.487	0.587	0.682	0.77	0.851	0.927
123	130	0.105	0.226	0.365	0.521	0.684	0.846
123	163	0.061	0.127	0.197	0.272	0.351	0.433	0.516	0.601	0.684	0.766	0.846	0.924
163	165	0.047	0.099	0.157	0.222	0.297	0.382	0.479	0.588	0.703	0.813	0.912
120	122	0.056	0.114	0.172	0.229	0.284	0.339	0.392	0.446	0.499	0.553	0.61	0.669	0.732	0.804	0.889
122	162	0.074	0.152	0.23	0.308	0.385	0.461	0.536	0.608	0.677	0.743	0.803	0.858	0.909	0.956
162	164	0.064	0.131	0.2	0.272	0.345	0.42	0.498	0.578	0.659	0.743	0.828	0.914
159	160	0.112	0.236	0.37	0.509	0.646	0.775	0.892
157	158	0.077	0.17	0.28	0.402	0.523	0.634	0.73	0.812	0.883	0.944
158	159	0.167	0.395	0.623	0.787	0.906
149	157	0.06	0.135	0.233	0.356	0.482	0.593	0.693	0.782	0.862	0.934
149	151	0.041	0.087	0.138	0.197	0.267	0.352	0.46	0.602	0.761	0.895
151	158	0.159	0.31	0.445	0.564	0.67	0.764	0.85	0.927
148	151	0.096	0.19	0.274	0.35	0.42	0.487	0.552	0.615	0.678	0.742	0.806	0.87	0.935
148	150	0.083	0.182	0.297	0.423	0.548	0.663	0.764	0.853	0.93
150	151	0.14	0.274	0.397	0.51	0.617	0.718	0.815	0.909
159	161	0.077	0.163	0.26	0.366	0.479	0.595	0.71	0.818	0.914
154	158	0.154	0.254	0.325	0.386	0.442	0.495	0.547	0.599	0.653	0.71	0.775	0.855
161	205	0.047	0.098	0.153	0.212	0.274	0.34	0.408	0.478	0.547	0.615	0.681	0.743	0.801	0.856	0.907	0.954
156	205	0.123	0.261	0.405	0.543	0.665	0.769	0.857	0.932
154	155	0.078	0.168	0.271	0.388	0.51	0.624	0.723	0.808	0.88	0.943
155	156	0.129	0.276	0.442	0.619	0.805
205	207	0.083	0.181	0.298	0.429	0.56	0.677	0.777	0.862	0.935
206	207	0.144	0.261	0.353	0.432	0.504	0.573	0.639	0.705	0.772	0.841	0.915
200	205	0.072	0.149	0.231	0.32	0.415	0.515	0.619	0.721	0.82	0.913
200	202	0.12	0.237	0.341	0.437	0.526	0.613	0.701	0.79	0.887
202	207	0.075	0.167	0.285	0.421	0.549	0.658	0.755	0.842	0.923
207	208	0.103	0.208	0.316	0.428	0.547	0.677	0.824
207	210	0.063	0.132	0.207	0.287	0.372	0.459	0.549	0.641	0.734	0.826	0.915
208	210	0.107	0.207	0.302	0.394	0.483	0.571	0.655	0.735	0.809	0.878	0.941
210	211	0.082	0.179	0.284	0.385	0.482	0.576	0.669	0.767	0.874
210	212	0.063	0.136	0.223	0.329	0.456	0.598	0.73	0.838	0.925
209	210	0.083	0.173	0.266	0.361	0.455	0.546	0.633	0.715	0.793	0.865	0.934
209	246	0.049	0.102	0.159	0.22	0.287	0.357	0.432	0.508	0.584	0.657	0.726	0.789	0.848	0.902	0.952
212	246	0.11	0.233	0.366	0.499	0.623	0.735	0.834	0.921
246	252	0.137	0.298	0.425	0.53	0.625	0.716	0.805	0.898
246	248	0.045	0.093	0.144	0.197	0.251	0.306	0.36	0.413	0.466	0.518	0.569	0.62	0.671	0.722	0.774	0.827	0.881	0.938
246	247	0.077	0.165	0.265	0.377	0.498	0.619	0.733	0.834	0.922
248	249	0.039	0.079	0.121	0.163	0.207	0.252	0.299	0.349	0.402	0.459	0.521	0.589	0.662	0.74	0.817	0.886	0.946
247	249	0.065	0.125	0.181	0.233	0.282	0.33	0.376	0.422	0.467	0.512	0.558	0.606	0.655	0.707	0.763	0.826	0.901
245	249	0.108	0.193	0.268	0.338	0.405	0.471	0.537	0.606	0.678	0.755	0.837	0.921
245	247	0.164	0.303	0.429	0.551	0.676	0.814
243	245	0.085	0.167	0.245	0.32	0.394	0.468	0.544	0.625	0.716	0.829
244	245	0.202	0.318	0.412	0.498	0.582	0.667	0.758	0.863
242	244	0.076	0.152	0.222	0.289	0.351	0.411	0.47	0.527	0.583	0.639	0.696	0.754	0.813	0.874	0.936
239	242	0.101	0.207	0.316	0.425	0.527	0.62	0.702	0.774	0.839	0.897	0.95
239	240	0.128	0.237	0.335	0.426	0.517	0.611	0.713	0.836
240	243	0.063	0.126	0.186	0.244	0.301	0.356	0.41	0.464	0.518	0.573	0.63	0.689	0.753	0.823	0.904
240	241	0.043	0.097	0.175	0.301	0.417	0.506	0.584	0.659	0.738	0.828
204	241	0.204	0.29	0.359	0.422	0.483	0.543	0.604	0.669	0.742	0.827	0.92
204	209	0.133	0.247	0.346	0.438	0.53	0.626	0.74
201	202	0.109	0.206	0.296	0.382	0.468	0.553	0.64	0.729	0.82	0.911
201	204	0.174	0.286	0.381	0.468	0.551	0.633	0.717	0.804	0.897
201	240	0.094	0.187	0.276	0.359	0.435	0.506	0.572	0.632	0.689	0.741	0.79	0.837	0.88	0.922	0.961
201	203	0.07	0.144	0.22	0.299	0.382	0.471	0.565	0.667	0.775	0.887
203	239	0.114	0.211	0.3	0.384	0.467	0.552	0.642	0.741	0.858
237	242	0.131	0.216	0.283	0.342	0.396	0.447	0.495	0.542	0.588	0.634	0.68	0.726	0.774	0.824	0.877	0.934
237	238	0.091	0.187	0.284	0.381	0.475	0.566	0.656	0.745	0.831	0.916
236	237	0.11	0.217	0.313	0.401	0.486	0.571	0.658	0.749	0.841	0.926
236	238	0.075	0.138	0.195	0.248	0.298	0.346	0.393	0.439	0.484	0.53	0.576	0.622	0.669	0.717	0.766	0.814	0.863	0.91	0.956
233	237	0.143	0.237	0.315	0.386	0.451	0.512	0.572	0.631	0.689	0.747	0.807	0.867	0.931
233	234	0.168	0.284	0.383	0.476	0.566	0.657	0.754	0.862
234	239	0.214	0.357	0.477	0.586	0.69	0.791	0.893
197	234	0.123	0.22	0.305	0.383	0.459	0.534	0.61	0.689	0.774	0.871
197	203	0.092	0.189	0.286	0.384	0.482	0.579	0.678	0.779	0.884
199	201	0.104	0.206	0.305	0.401	0.494	0.584	0.672	0.757	0.84	0.92
199	200	0.098	0.206	0.321	0.44	0.564	0.695	0.841
193	199	0.07	0.147	0.233	0.329	0.438	0.565	0.709	0.859
195	197	0.113	0.219	0.32	0.418	0.515	0.613	0.711	0.808	0.905
193	195	0.099	0.186	0.267	0.347	0.426	0.508	0.595	0.695	0.82
192	195	0.097	0.253	0.421	0.547	0.657	0.763	0.872
155	198	0.104	0.192	0.272	0.349	0.425	0.503	0.586	0.679	0.799
198	199	0.105	0.224	0.352	0.485	0.618	0.75	0.878
153	154	0.218	0.389	0.524	0.641	0.745	0.839	0.923
153	198	0.085	0.173	0.263	0.356	0.452	0.552	0.657	0.768	0.883
152	153	0.284	0.525	0.714	0.868
150	152	0.094	0.163	0.219	0.268	0.313	0.355	0.395	0.434	0.472	0.51	0.547	0.585	0.623	0.662	0.703	0.746	0.792	0.845	0.907
193	198	0.087	0.165	0.234	0.297	0.356	0.414	0.47	0.527	0.585	0.646	0.712	0.787	0.88
141	148	0.18	0.284	0.37	0.448	0.521	0.592	0.664	0.737	0.814	0.899
141	150	0.195	0.312	0.407	0.494	0.575	0.655	0.734	0.816	0.902
147	150	0.182	0.289	0.375	0.453	0.526	0.595	0.664	0.732	0.8	0.867	0.934
147	152	0.127	0.22	0.3	0.372	0.44	0.505	0.569	0.632	0.694	0.757	0.819	0.881	0.941
146	152	0.182	0.343	0.488	0.622	0.751	0.876
152	190	0.063	0.128	0.192	0.256	0.32	0.383	0.446	0.51	0.575	0.643	0.714	0.793	0.883
190	193	0.073	0.15	0.227	0.303	0.376	0.446	0.514	0.581	0.647	0.713	0.78	0.849	0.921
232	233	0.142	0.25	0.343	0.433	0.524	0.625	0.741	0.853	0.936
196	233	0.116	0.217	0.308	0.393	0.476	0.556	0.637	0.72	0.806	0.898
195	196	0.046	0.095	0.146	0.2	0.255	0.311	0.367	0.424	0.482	0.542	0.603	0.668	0.738	0.815	0.903
194	195	0.056	0.132	0.237	0.342	0.426	0.497	0.562	0.623	0.682	0.741	0.8	0.861	0.926
194	196	0.103	0.194	0.28	0.364	0.45	0.539	0.629	0.715	0.791	0.855	0.909	0.957
191	194	0.088	0.173	0.253	0.329	0.403	0.475	0.545	0.616	0.687	0.759	0.834	0.913
179	191	0.209	0.324	0.417	0.502	0.583	0.662	0.743	0.827	0.913
145	179	0.111	0.236	0.356	0.465	0.566	0.664	0.764	0.872
145	193	0.077	0.14	0.193	0.241	0.285	0.326	0.366	0.405	0.443	0.48	0.517	0.555	0.593	0.631	0.671	0.713	0.757	0.805	0.858	0.921
144	145	0.046	0.101	0.165	0.238	0.317	0.394	0.468	0.539	0.608	0.678	0.749	0.825	0.908
144	190	0.124	0.216	0.295	0.367	0.433	0.497	0.557	0.616	0.673	0.73	0.785	0.84	0.893	0.946
142	144	0.312	0.449	0.566	0.675	0.784	0.893
142	143	0.12	0.238	0.359	0.488	0.623	0.747	0.849	0.93
105	139	0.069	0.136	0.202	0.266	0.331	0.396	0.463	0.532	0.605	0.684	0.772	0.873
106	140	0.074	0.153	0.235	0.319	0.404	0.49	0.576	0.661	0.746	0.83	0.915
189	232	0.182	0.33	0.447	0.548	0.642	0.731	0.819	0.908
189	196	0.105	0.204	0.295	0.382	0.466	0.552	0.642	0.741	0.859
27	29	0.059	0.143	0.24	0.32	0.388	0.449	0.506	0.563	0.621	0.682	0.748	0.827	0.918
25	27	0.104	0.213	0.327	0.448	0.575	0.709	0.851
24	25	0.053	0.119	0.2	0.288	0.372	0.452	0.53	0.609	0.695	0.795	0.908
22	24	0.065	0.15	0.265	0.389	0.496	0.587	0.671	0.752	0.831	0.912
24	250	0.08	0.171	0.276	0.397	0.535	0.676	0.802	0.908
21	22	0.091	0.18	0.268	0.357	0.451	0.552	0.663	0.784	0.9
17	21	0.038	0.083	0.137	0.203	0.275	0.344	0.406	0.462	0.515	0.565	0.614	0.662	0.711	0.761	0.813	0.868	0.929
16	17	0.077	0.158	0.239	0.318	0.393	0.467	0.539	0.611	0.684	0.758	0.835	0.915
16	20	0.087	0.182	0.281	0.377	0.471	0.562	0.65	0.738	0.825	0.912
18	20	0.088	0.18	0.277	0.378	0.486	0.6	0.722	0.854
18	54	0.054	0.115	0.183	0.261	0.352	0.46	0.586	0.724	0.863
54	58	0.046	0.095	0.147	0.199	0.253	0.306	0.359	0.412	0.463	0.513	0.563	0.611	0.659	0.705	0.751	0.795	0.838	0.88	0.921	0.96
56	144	0.08	0.171	0.275	0.391	0.509	0.62	0.718	0.802	0.875	0.94
53	58	0.062	0.132	0.213	0.305	0.406	0.512	0.62	0.726	0.826	0.917
53	60	0.14	0.285	0.431	0.576	0.721	0.862
60	99	0.097	0.196	0.294	0.393	0.493	0.593	0.694	0.795	0.896
99	102	0.116	0.232	0.343	0.448	0.543	0.629	0.706	0.775	0.838	0.896	0.949
101	102	0.135	0.273	0.414	0.556	0.701	0.849
97	101	0.063	0.131	0.203	0.281	0.364	0.453	0.547	0.641	0.729	0.809	0.879	0.942
97	103	0.033	0.07	0.113	0.163	0.221	0.289	0.361	0.433	0.503	0.57	0.637	0.705	0.775	0.849	0.926
103	105	0.043	0.092	0.148	0.212	0.287	0.378	0.487	0.604	0.712	0.803	0.879	0.943
103	106	0.08	0.159	0.24	0.321	0.404	0.492	0.585	0.689	0.813
104	106	0.094	0.172	0.239	0.301	0.361	0.418	0.476	0.535	0.597	0.665	0.745	0.852
109	111	0.112	0.23	0.354	0.482	0.612	0.743	0.873
111	149	0.07	0.143	0.218	0.296	0.376	0.458	0.543	0.63	0.719	0.81	0.904
118	149	0.08	0.153	0.211	0.26	0.305	0.346	0.385	0.422	0.459	0.495	0.532	0.569	0.606	0.646	0.687	0.733	0.785	0.853
29	30	0.12	0.237	0.352	0.465	0.576	0.684	0.791	0.896
28	30	0.129	0.262	0.4	0.543	0.69	0.842
26	28	0.079	0.186	0.304	0.408	0.502	0.593	0.685	0.783	0.892
24	26	0.126	0.246	0.357	0.459	0.553	0.64	0.721	0.796	0.867	0.934
22	23	0.074	0.158	0.252	0.351	0.45	0.544	0.634	0.718	0.796	0.869	0.936
19	21	0.087	0.181	0.285	0.397	0.518	0.644	0.769	0.888
17	19	0.13	0.264	0.397	0.529	0.655	0.776	0.89
16	19	0.098	0.2	0.304	0.411	0.521	0.634	0.752	0.873
19	20	0.068	0.138	0.211	0.286	0.364	0.444	0.528	0.614	0.704	0.798	0.896
20	21	0.073	0.147	0.221	0.294	0.368	0.44	0.512	0.584	0.655	0.725	0.795	0.863	0.931
20	54	0.072	0.145	0.218	0.29	0.362	0.433	0.505	0.576	0.647	0.718	0.788	0.859	0.929
54	55	0.036	0.078	0.128	0.187	0.256	0.329	0.4	0.469	0.536	0.604	0.674	0.75	0.836	0.925
54	57	0.099	0.202	0.307	0.416	0.527	0.641	0.758	0.877
56	140	0.056	0.122	0.203	0.304	0.429	0.56	0.672	0.763	0.836	0.898	0.951
55	57	0.065	0.132	0.202	0.273	0.347	0.423	0.501	0.581	0.663	0.746	0.83	0.914
23	55	0.065	0.132	0.202	0.274	0.348	0.425	0.504	0.585	0.667	0.75	0.833	0.916
23	62	0.028	0.059	0.093	0.13	0.171	0.216	0.267	0.324	0.389	0.46	0.538	0.623	0.716	0.816	0.915
26	62	0.122	0.23	0.323	0.405	0.479	0.547	0.609	0.667	0.721	0.773	0.822	0.869	0.914	0.957
28	71	0.037	0.08	0.13	0.191	0.262	0.34	0.417	0.489	0.558	0.624	0.69	0.758	0.831	0.911
30	71	0.089	0.179	0.269	0.36	0.452	0.543	0.635	0.726	0.817	0.908
71	73	0.045	0.095	0.15	0.208	0.269	0.331	0.394	0.458	0.521	0.586	0.65	0.715	0.779	0.841	0.898	0.951
73	75	0.089	0.183	0.282	0.387	0.498	0.616	0.739	0.867
74	75	0.061	0.144	0.272	0.415	0.542	0.665	0.796	0.914
73	74	0.103	0.22	0.317	0.402	0.484	0.568	0.659	0.763	0.865	0.941
67	74	0.068	0.142	0.222	0.309	0.406	0.513	0.631	0.757	0.882
67	73	0.062	0.127	0.194	0.263	0.335	0.409	0.487	0.566	0.649	0.734	0.821	0.909
72	73	0.131	0.266	0.4	0.532	0.658	0.778	0.891
67	72	0.077	0.157	0.236	0.31	0.382	0.453	0.525	0.601	0.683	0.779	0.894
62	72	0.084	0.169	0.244	0.309	0.369	0.425	0.478	0.531	0.584	0.637	0.691	0.748	0.808	0.871	0.935
55	63	0.092	0.183	0.273	0.36	0.446	0.53	0.613	0.693	0.772	0.849	0.925
62	63	0.041	0.084	0.129	0.177	0.226	0.279	0.336	0.397	0.463	0.537	0.621	0.72	0.842
62	64	0.048	0.106	0.18	0.27	0.366	0.458	0.547	0.634	0.722	0.806	0.882	0.945
64	72	0.113	0.233	0.358	0.487	0.619	0.749	0.876
63	64	0.105	0.211	0.317	0.419	0.516	0.608	0.695	0.777	0.855	0.929
64	66	0.069	0.142	0.218	0.298	0.382	0.471	0.565	0.665	0.771	0.882
66	67	0.102	0.207	0.314	0.422	0.533	0.646	0.761	0.879
58	60	0.111	0.222	0.331	0.438	0.541	0.641	0.736	0.827	0.915
60	61	0.148	0.3	0.451	0.598	0.739	0.873
59	61	0.147	0.289	0.422	0.549	0.67	0.785	0.894
57	59	0.118	0.239	0.362	0.486	0.613	0.741	0.869
61	102	0.04	0.081	0.122	0.164	0.206	0.248	0.291	0.334	0.377	0.421	0.464	0.507	0.55	0.593	0.636	0.678	0.72	0.761	0.802	0.842	0.882	0.922	0.96
59	65	0.059	0.119	0.182	0.247	0.313	0.382	0.452	0.525	0.6	0.677	0.756	0.836	0.917
61	68	0.052	0.105	0.16	0.216	0.273	0.332	0.392	0.453	0.516	0.581	0.647	0.714	0.783	0.854	0.925
65	68	0.196	0.349	0.476	0.585	0.682	0.77	0.852	0.927
102	104	0.11	0.225	0.344	0.466	0.593	0.724	0.859
100	102	0.082	0.197	0.294	0.374	0.445	0.513	0.583	0.656	0.735	0.818	0.892	0.951
68	100	0.095	0.196	0.3	0.409	0.522	0.638	0.757	0.878
68	69	0.096	0.196	0.299	0.406	0.516	0.631	0.749	0.872
66	69	0.093	0.194	0.303	0.424	0.556	0.7	0.85
66	70	0.056	0.119	0.188	0.26	0.331	0.399	0.465	0.528	0.589	0.649	0.709	0.768	0.827	0.886	0.943
67	70	0.055	0.114	0.176	0.24	0.305	0.371	0.437	0.505	0.575	0.647	0.723	0.799	0.873	0.94
70	112	0.103	0.21	0.32	0.432	0.546	0.66	0.775	0.888
109	110	0.101	0.205	0.311	0.419	0.53	0.644	0.759	0.878
108	110	0.127	0.24	0.324	0.397	0.467	0.539	0.617	0.715	0.847	0.94
107	110	0.071	0.146	0.224	0.304	0.388	0.473	0.561	0.65	0.739	0.827	0.914
107	108	0.137	0.277	0.418	0.561	0.706	0.852
70	107	0.219	0.392	0.539	0.67	0.788	0.897
110	113	0.161	0.331	0.504	0.675	0.841
113	114	0.046	0.094	0.144	0.195	0.249	0.306	0.366	0.43	0.501	0.581	0.674	0.776	0.867	0.94
112	114	0.115	0.227	0.334	0.439	0.539	0.637	0.731	0.823	0.912
112	115	0.055	0.113	0.173	0.235	0.297	0.36	0.424	0.49	0.558	0.63	0.706	0.785	0.863	0.936
114	115	0.097	0.202	0.314	0.433	0.555	0.676	0.791	0.899
114	116	0.117	0.237	0.358	0.482	0.607	0.735	0.866
115	116	0.097	0.196	0.296	0.397	0.499	0.601	0.702	0.802	0.901
111	113	0.085	0.172	0.26	0.348	0.438	0.529	0.62	0.713	0.807	0.902
111	117	0.102	0.204	0.295	0.377	0.455	0.532	0.611	0.694	0.787	0.893
113	117	0.1	0.201	0.301	0.401	0.501	0.601	0.701	0.8	0.899
116	117	0.135	0.268	0.397	0.523	0.646	0.766	0.884
117	118	0.104	0.214	0.33	0.451	0.58	0.714	0.854
116	118	0.075	0.153	0.232	0.313	0.395	0.478	0.563	0.649	0.736	0.823	0.911
139	140	0.078	0.164	0.26	0.368	0.487	0.61	0.726	0.829	0.919
139	143	0.035	0.075	0.118	0.167	0.223	0.289	0.367	0.458	0.555	0.644	0.723	0.791	0.851	0.905	0.954
131	132	0.096	0.205	0.326	0.453	0.576	0.685	0.779	0.861	0.934
153	155	0.119	0.241	0.367	0.499	0.643	0.807
144	146	0.105	0.206	0.297	0.381	0.461	0.54	0.62	0.704	0.794	0.894
188	227	0.043	0.092	0.148	0.208	0.27	0.33	0.388	0.444	0.5	0.555	0.611	0.667	0.723	0.778	0.831	0.88	0.924	0.963
123	254	0.138	0.278	0.419	0.562	0.706	0.852
19	253	0.079	0.162	0.248	0.339	0.434	0.534	0.64	0.752	0.871
212	252	0.057	0.119	0.186	0.26	0.344	0.44	0.543	0.638	0.715	0.779	0.834	0.882	0.924	0.963
21	250	0.048	0.098	0.148	0.2	0.254	0.31	0.369	0.431	0.498	0.57	0.646	0.721	0.79	0.852	0.907	0.955
162	251	0.052	0.112	0.182	0.265	0.358	0.457	0.555	0.643	0.718	0.782	0.837	0.884	0.926	0.964
14	16	0.075	0.17	0.298	0.48	0.667	0.789	0.875	0.943
218	220	0.097	0.183	0.261	0.333	0.4	0.464	0.526	0.587	0.647	0.707	0.766	0.825	0.883	0.941
52	93	0.034	0.065	0.093	0.12	0.144	0.168	0.191	0.213	0.234	0.255	0.275	0.295	0.315	0.334	0.353	0.372	0.39	0.409	0.427	0.445	0.464	0.482	0.5	0.518	0.537	0.555	0.574	0.593	0.612	0.631	0.651	0.671	0.691	0.712	0.734	0.756	0.779	0.803	0.828	0.855	0.884	0.916	0.953
68	148	0.006	0.013	0.02	0.027	0.035	0.044	0.054	0.065	0.078	0.094	0.117	0.185	0.212	0.231	0.246	0.26	0.272	0.283	0.294	0.304	0.314	0.323	0.332	0.34	0.349	0.357	0.365	0.373	0.38	0.388	0.395	0.403	0.41	0.417	0.424	0.431	0.438	0.445	0.452	0.459	0.465	0.472	0.479	0.486	0.492	0.499	0.506	0.512	0.519	0.526	0.533	0.539	0.546	0.553	0.56	0.567	0.574	0.581	0.588	0.595	0.602	0.61	0.617	0.625	0.633	0.641	0.649	0.657	0.666	0.675	0.684	0.693	0.703	0.714	0.725	0.737	0.75	0.765	0.783	0.808	0.876	0.902	0.919	0.932	0.943	0.953	0.962	0.97	0.978	0.985	0.992
178	179	0.041	0.084	0.129	0.176	0.225	0.275	0.328	0.383	0.439	0.495	0.552	0.609	0.664	0.718	0.77	0.82	0.868	0.914	0.957
13	41	0.046	0.096	0.148	0.202	0.256	0.31	0.362	0.413	0.463	0.512	0.56	0.607	0.653	0.698	0.743	0.787	0.831	0.874	0.916	0.958
1	2	0.058	0.113	0.168	0.222	0.277	0.334	0.393	0.458	0.532	0.622	0.733	0.831	0.901	0.954
1	4	0.099	0.199	0.299	0.401	0.507	0.622	0.749	0.883
2	4	0.239	0.4	0.526	0.635	0.734	0.826	0.914
1	3	0.079	0.166	0.261	0.363	0.471	0.584	0.698	0.807	0.908
3	4	0.071	0.147	0.227	0.313	0.405	0.505	0.614	0.734	0.864
2	5	0.086	0.184	0.291	0.403	0.514	0.621	0.717	0.802	0.876	0.941
4	6	0.116	0.246	0.388	0.53	0.656	0.764	0.854	0.931
5	6	0.082	0.164	0.246	0.328	0.411	0.496	0.584	0.675	0.773	0.879
5	7	0.061	0.126	0.198	0.276	0.36	0.449	0.539	0.626	0.705	0.775	0.839	0.897	0.95
5	8	0.085	0.213	0.345	0.456	0.558	0.657	0.75	0.831	0.897	0.952
7	8	0.187	0.353	0.497	0.622	0.732	0.83	0.918
8	10	0.145	0.258	0.358	0.452	0.544	0.637	0.736	0.849
7	11	0.113	0.214	0.302	0.38	0.453	0.52	0.584	0.645	0.703	0.759	0.812	0.863	0.91	0.956
11	12	0.046	0.096	0.149	0.208	0.272	0.343	0.421	0.504	0.589	0.668	0.74	0.804	0.86	0.911	0.957
11	14	0.023	0.048	0.076	0.105	0.138	0.173	0.211	0.251	0.293	0.334	0.375	0.415	0.454	0.493	0.531	0.569	0.607	0.646	0.685	0.726	0.77	0.817	0.869	0.929
12	14	0.142	0.279	0.409	0.532	0.652	0.768	0.883
14	15	0.154	0.282	0.389	0.485	0.573	0.658	0.742	0.825	0.91
15	18	0.14	0.243	0.331	0.412	0.492	0.573	0.66	0.761	0.882
18	48	0.187	0.389	0.566	0.707	0.822	0.917
48	50	0.129	0.253	0.372	0.487	0.598	0.704	0.807	0.905
49	50	0.103	0.199	0.288	0.374	0.457	0.538	0.619	0.699	0.778	0.856	0.929
49	52	0.087	0.171	0.253	0.332	0.41	0.486	0.562	0.636	0.711	0.784	0.857	0.928
52	53	0.065	0.131	0.194	0.255	0.313	0.37	0.427	0.484	0.545	0.611	0.688	0.791	0.917
97	98	0.085	0.174	0.265	0.355	0.442	0.523	0.6	0.671	0.736	0.797	0.852	0.905	0.953
98	135	0.118	0.231	0.337	0.436	0.53	0.619	0.703	0.782	0.858	0.93
98	134	0.051	0.105	0.159	0.215	0.271	0.328	0.386	0.446	0.507	0.571	0.639	0.712	0.794	0.889
95	96	0.083	0.179	0.29	0.417	0.556	0.692	0.813	0.914
94	95	0.124	0.267	0.425	0.589	0.746	0.883
92	124	0.113	0.232	0.353	0.469	0.579	0.68	0.771	0.854	0.93
91	124	0.103	0.223	0.362	0.518	0.684	0.85
81	119	0.056	0.118	0.188	0.266	0.352	0.446	0.544	0.64	0.73	0.809	0.88	0.943
81	82	0.174	0.346	0.525	0.728
6	9	0.117	0.242	0.369	0.494	0.618	0.742	0.869
9	10	0.087	0.185	0.288	0.39	0.49	0.591	0.696	0.804	0.909
10	11	0.091	0.189	0.292	0.399	0.509	0.616	0.72	0.819	0.911
10	13	0.059	0.12	0.179	0.236	0.291	0.343	0.393	0.441	0.487	0.532	0.576	0.62	0.662	0.704	0.746	0.788	0.829	0.871	0.913	0.956
11	13	0.05	0.102	0.156	0.211	0.269	0.329	0.393	0.461	0.532	0.604	0.673	0.737	0.794	0.844	0.888	0.928	0.965
12	13	0.085	0.173	0.261	0.351	0.442	0.534	0.627	0.72	0.813	0.906
13	41	0.046	0.096	0.148	0.202	0.256	0.31	0.362	0.413	0.463	0.512	0.56	0.607	0.653	0.698	0.743	0.787	0.831	0.874	0.916	0.958
15	48	0.133	0.25	0.35	0.441	0.529	0.618	0.712	0.822
47	48	0.141	0.269	0.394	0.521	0.657	0.815
47	50	0.085	0.165	0.24	0.314	0.386	0.458	0.53	0.604	0.68	0.759	0.839	0.92
49	51	0.106	0.23	0.373	0.524	0.669	0.796	0.905
51	52	0.133	0.245	0.349	0.45	0.551	0.655	0.766	0.882
46	49	0.079	0.161	0.239	0.314	0.386	0.456	0.526	0.597	0.67	0.748	0.831	0.917
46	51	0.048	0.098	0.15	0.203	0.258	0.315	0.376	0.44	0.509	0.586	0.672	0.766	0.858	0.935
41	46	0.066	0.143	0.235	0.338	0.447	0.554	0.66	0.765	0.875
41	42	0.108	0.219	0.328	0.434	0.534	0.629	0.716	0.796	0.869	0.937
31	32	0.063	0.128	0.194	0.263	0.334	0.408	0.486	0.567	0.649	0.73	0.807	0.877	0.941
31	33	0.084	0.176	0.278	0.387	0.502	0.619	0.73	0.832	0.921
32	33	0.099	0.202	0.307	0.411	0.516	0.622	0.733	0.854
32	34	0.059	0.124	0.192	0.265	0.341	0.421	0.503	0.585	0.666	0.743	0.814	0.881	0.942
32	39	0.026	0.055	0.089	0.128	0.175	0.234	0.304	0.379	0.449	0.513	0.576	0.638	0.702	0.772	0.851	0.932
39	41	0.094	0.18	0.257	0.33	0.398	0.465	0.532	0.6	0.671	0.746	0.827	0.914
33	36	0.104	0.201	0.292	0.379	0.465	0.55	0.635	0.721	0.81	0.902
35	36	0.054	0.116	0.188	0.27	0.358	0.447	0.535	0.622	0.709	0.8	0.896
36	38	0.14	0.255	0.356	0.451	0.543	0.637	0.737	0.849
34	38	0.089	0.182	0.279	0.379	0.482	0.588	0.695	0.801	0.903
34	40	0.091	0.187	0.287	0.389	0.495	0.605	0.722	0.852
40	42	0.116	0.228	0.341	0.459	0.587	0.74
42	44	0.142	0.278	0.407	0.534	0.665	0.811
42	43	0.115	0.226	0.336	0.444	0.552	0.661	0.772	0.884
43	44	0.174	0.321	0.449	0.566	0.678	0.787	0.894
40	43	0.168	0.307	0.428	0.541	0.651	0.76	0.874
43	45	0.195	0.34	0.469	0.591	0.714	0.846
35	37	0.067	0.131	0.193	0.254	0.316	0.379	0.446	0.52	0.604	0.715	0.885
36	37	0.133	0.244	0.344	0.438	0.529	0.62	0.711	0.805	0.901
37	38	0.125	0.231	0.328	0.419	0.509	0.598	0.689	0.784	0.886
34	45	0.145	0.207	0.256	0.3	0.339	0.377	0.413	0.448	0.482	0.516	0.551	0.586	0.622	0.66	0.7	0.744	0.794	0.859
45	85	0.088	0.161	0.225	0.286	0.344	0.401	0.459	0.52	0.584	0.656	0.744	0.874
45	84	0.111	0.206	0.291	0.371	0.447	0.521	0.595	0.669	0.744	0.823	0.906
84	85	0.161	0.32	0.454	0.576	0.698	0.831
83	84	0.141	0.252	0.347	0.436	0.524	0.618	0.726	0.866
45	83	0.133	0.237	0.329	0.415	0.499	0.584	0.673	0.768	0.875
37	78	0.069	0.151	0.249	0.361	0.477	0.584	0.678	0.759	0.83	0.893	0.948
78	83	0.063	0.139	0.228	0.325	0.421	0.512	0.6	0.688	0.779	0.878
78	86	0.146	0.25	0.334	0.412	0.486	0.563	0.646	0.745	0.879
78	87	0.204	0.348	0.452	0.541	0.622	0.698	0.772	0.846	0.921
77	86	0.087	0.171	0.252	0.33	0.407	0.485	0.567	0.657	0.761	0.884
76	77	0.151	0.322	0.452	0.562	0.664	0.765	0.872
76	79	0.083	0.181	0.298	0.43	0.561	0.678	0.778	0.862	0.935
79	80	0.161	0.28	0.385	0.483	0.579	0.678	0.78	0.889
77	79	0.103	0.205	0.304	0.402	0.497	0.59	0.68	0.766	0.848	0.926
79	81	0.135	0.236	0.323	0.403	0.48	0.555	0.631	0.709	0.792	0.885
80	81	0.063	0.128	0.194	0.262	0.33	0.4	0.471	0.545	0.622	0.703	0.791	0.887
86	88	0.119	0.239	0.356	0.469	0.579	0.686	0.79	0.894
80	88	0.106	0.217	0.328	0.438	0.552	0.676	0.823
87	89	0.109	0.224	0.337	0.446	0.55	0.65	0.745	0.835	0.919
87	90	0.135	0.237	0.327	0.41	0.49	0.568	0.646	0.722	0.798	0.87	0.937
89	90	0.103	0.208	0.318	0.437	0.571	0.74
89	92	0.116	0.217	0.309	0.397	0.484	0.571	0.662	0.76	0.87
88	92	0.084	0.162	0.237	0.309	0.379	0.45	0.521	0.595	0.674	0.76	0.862
90	92	0.069	0.132	0.191	0.246	0.3	0.353	0.405	0.457	0.509	0.563	0.619	0.678	0.741	0.811	0.894
90	93	0.227	0.387	0.521	0.643	0.76	0.877
93	94	0.143	0.272	0.395	0.515	0.634	0.755	0.877
93	96	0.18	0.32	0.444	0.562	0.684	0.82
93	95	0.112	0.206	0.29	0.368	0.442	0.513	0.582	0.65	0.718	0.786	0.855	0.926
217	218	0.038	0.08	0.125	0.175	0.228	0.286	0.348	0.413	0.479	0.546	0.613	0.679	0.744	0.808	0.872	0.936
119	120	0.07	0.15	0.244	0.352	0.474	0.601	0.722	0.828	0.92
120	123	0.073	0.151	0.23	0.31	0.39	0.469	0.547	0.623	0.699	0.774	0.849	0.924
121	123	0.112	0.195	0.265	0.33	0.39	0.448	0.504	0.56	0.615	0.671	0.729	0.789	0.853	0.922
121	125	0.19	0.373	0.535	0.675	0.797	0.903
124	125	0.118	0.231	0.335	0.435	0.533	0.631	0.735	0.851
124	126	0.163	0.294	0.413	0.525	0.635	0.748	0.866
126	127	0.144	0.27	0.389	0.505	0.622	0.742	0.869
95	127	0.065	0.131	0.198	0.267	0.336	0.407	0.48	0.558	0.642	0.738	0.855
95	133	0.054	0.112	0.171	0.232	0.295	0.359	0.423	0.488	0.552	0.615	0.677	0.736	0.794	0.849	0.901	0.951
133	134	0.111	0.237	0.372	0.503	0.624	0.732	0.829	0.918
133	137	0.142	0.251	0.343	0.425	0.5	0.573	0.643	0.712	0.781	0.851	0.923
137	138	0.082	0.168	0.252	0.337	0.423	0.51	0.595	0.67	0.734	0.788	0.833	0.874	0.909	0.942	0.971
135	138	0.075	0.159	0.249	0.34	0.427	0.509	0.585	0.656	0.721	0.783	0.842	0.897	0.949
105	135	0.053	0.114	0.186	0.273	0.381	0.505	0.625	0.733	0.829	0.917
138	143	0.092	0.199	0.319	0.447	0.575	0.697	0.809	0.91
183	191	0.233	0.333	0.414	0.489	0.562	0.639	0.724	0.822	0.921
183	186	0.188	0.323	0.437	0.543	0.646	0.751	0.864
186	189	0.108	0.204	0.288	0.363	0.432	0.497	0.561	0.625	0.689	0.755	0.826	0.904
189	225	0.081	0.165	0.247	0.327	0.405	0.481	0.557	0.635	0.715	0.802	0.896
225	235	0.107	0.204	0.288	0.365	0.439	0.512	0.586	0.662	0.741	0.818	0.887	0.947
231	235	0.172	0.301	0.415	0.522	0.628	0.738	0.857
225	231	0.048	0.099	0.154	0.21	0.268	0.326	0.384	0.443	0.501	0.559	0.617	0.677	0.737	0.8	0.864	0.93
230	231	0.047	0.102	0.166	0.246	0.35	0.481	0.61	0.722	0.82	0.911
225	227	0.048	0.099	0.154	0.213	0.276	0.344	0.418	0.499	0.586	0.678	0.771	0.857	0.933
227	230	0.093	0.182	0.269	0.354	0.439	0.525	0.616	0.715	0.831
224	227	0.067	0.138	0.214	0.295	0.383	0.48	0.587	0.707	0.844
224	226	0.051	0.11	0.181	0.269	0.383	0.533	0.69	0.819	0.919
226	229	0.134	0.229	0.31	0.385	0.455	0.523	0.592	0.661	0.733	0.81	0.896
228	229	0.055	0.117	0.187	0.269	0.37	0.495	0.625	0.73	0.814	0.884	0.944
226	228	0.061	0.134	0.221	0.329	0.459	0.595	0.711	0.805	0.88	0.944
177	226	0.051	0.106	0.166	0.23	0.297	0.366	0.437	0.51	0.586	0.665	0.749	0.836	0.921
177	187	0.099	0.204	0.318	0.438	0.561	0.676	0.776	0.861	0.934
175	187	0.106	0.204	0.297	0.39	0.483	0.581	0.688	0.814
175	180	0.065	0.138	0.22	0.314	0.422	0.548	0.692	0.846
180	184	0.117	0.224	0.323	0.418	0.513	0.61	0.714	0.834
175	184	0.226	0.35	0.457	0.556	0.656	0.76	0.873
181	184	0.092	0.178	0.259	0.337	0.414	0.494	0.576	0.662	0.748	0.827	0.894	0.95
181	182	0.108	0.251	0.405	0.537	0.649	0.748	0.838	0.921
182	183	0.232	0.368	0.474	0.569	0.661	0.756	0.861
181	183	0.17	0.306	0.431	0.553	0.681	0.823
183	185	0.087	0.182	0.278	0.37	0.462	0.555	0.657	0.783
185	188	0.08	0.164	0.25	0.34	0.434	0.532	0.636	0.748	0.868
184	188	0.071	0.152	0.245	0.352	0.475	0.612	0.754	0.887
188	224	0.036	0.079	0.129	0.191	0.266	0.346	0.423	0.494	0.562	0.629	0.697	0.771	0.858
177	219	0.111	0.21	0.297	0.378	0.455	0.53	0.607	0.686	0.773	0.871
176	219	0.075	0.154	0.236	0.32	0.405	0.492	0.581	0.674	0.773	0.882
174	176	0.065	0.135	0.21	0.292	0.379	0.473	0.572	0.677	0.785	0.893
174	177	0.071	0.143	0.214	0.284	0.354	0.424	0.494	0.564	0.635	0.706	0.777	0.85	0.923
219	223	0.125	0.232	0.328	0.416	0.498	0.576	0.651	0.724	0.794	0.863	0.931
222	223	0.109	0.209	0.305	0.399	0.495	0.596	0.705	0.833
221	222	0.087	0.186	0.297	0.419	0.545	0.669	0.787	0.897
219	221	0.092	0.195	0.307	0.426	0.55	0.673	0.791	0.9
220	221	0.068	0.135	0.201	0.269	0.341	0.42	0.514	0.635	0.76	0.845	0.907	0.956
217	220	0.129	0.248	0.359	0.468	0.579	0.7	0.841
214	217	0.06	0.127	0.2	0.282	0.375	0.479	0.598	0.728	0.865
168	214	0.133	0.241	0.342	0.443	0.55	0.673	0.805	0.916
168	213	0.079	0.17	0.267	0.362	0.457	0.552	0.651	0.76	0.882
213	215	0.103	0.223	0.351	0.483	0.622	0.783
213	216	0.081	0.178	0.292	0.421	0.553	0.672	0.774	0.861	0.934
215	216	0.182	0.321	0.447	0.573	0.693	0.796	0.878	0.943
216	217	0.129	0.239	0.342	0.446	0.553	0.669	0.792	0.906
216	218	0.154	0.242	0.312	0.373	0.431	0.486	0.542	0.599	0.659	0.727	0.81
166	213	0.076	0.153	0.229	0.303	0.376	0.448	0.519	0.588	0.657	0.725	0.793	0.861	0.93
164	166	0.194	0.28	0.35	0.415	0.477	0.539	0.604	0.677	0.767
164	165	0.182	0.293	0.388	0.477	0.563	0.647	0.729	0.807	0.879	0.942
164	251	0.213	0.381	0.536	0.687	0.841
165	167	0.158	0.266	0.354	0.434	0.509	0.582	0.655	0.73	0.81	0.898
167	168	0.085	0.171	0.249	0.321	0.387	0.45	0.513	0.575	0.64	0.708	0.785	0.877
167	173	0.212	0.32	0.4	0.471	0.54	0.61	0.686	0.78
173	176	0.123	0.218	0.296	0.366	0.43	0.49	0.549	0.607	0.665	0.724	0.785	0.849	0.92
172	173	0.221	0.311	0.386	0.453	0.519	0.584	0.651	0.725	0.815
172	174	0.137	0.244	0.335	0.417	0.492	0.563	0.631	0.696	0.758	0.82	0.88	0.94
171	172	0.055	0.123	0.202	0.28	0.35	0.414	0.473	0.529	0.584	0.639	0.695	0.753	0.817	0.892
131	171	0.137	0.218	0.281	0.335	0.385	0.431	0.476	0.52	0.563	0.606	0.651	0.696	0.744	0.795	0.851	0.917
129	131	0.152	0.288	0.397	0.496	0.589	0.683	0.782	0.888
129	132	0.174	0.28	0.363	0.436	0.503	0.567	0.63	0.691	0.752	0.814	0.876	0.938
132	171	0.096	0.19	0.283	0.375	0.467	0.559	0.651	0.742	0.832	0.918
171	178	0.13	0.27	0.407	0.531	0.638	0.729	0.809	0.879	0.942
132	178	0.084	0.178	0.261	0.332	0.397	0.457	0.516	0.574	0.633	0.695	0.76	0.833	0.915
132	136	0.108	0.201	0.285	0.364	0.442	0.52	0.602	0.694	0.805
133	136	0.174	0.259	0.323	0.378	0.428	0.476	0.522	0.568	0.614	0.662	0.711	0.765	0.825	0.898
129	136	0.095	0.2	0.314	0.433	0.551	0.662	0.761	0.849	0.928
127	133	0.143	0.252	0.348	0.437	0.522	0.606	0.692	0.782	0.881
125	128	0.139	0.267	0.385	0.496	0.602	0.704	0.803	0.901
128	130	0.114	0.216	0.312	0.403	0.493	0.583	0.674	0.771	0.876
128	131	0.086	0.178	0.274	0.375	0.483	0.594	0.705	0.812	0.91
131	170	0.091	0.177	0.257	0.33	0.399	0.466	0.531	0.596	0.663	0.732	0.807	0.891
130	170	0.072	0.146	0.221	0.297	0.373	0.449	0.525	0.601	0.678	0.756	0.835	0.915
169	170	0.082	0.179	0.292	0.418	0.55	0.688	0.834
163	169	0.139	0.26	0.364	0.46	0.554	0.65	0.754	0.871
130	163	0.037	0.079	0.125	0.177	0.237	0.308	0.391	0.487	0.587	0.682	0.77	0.851	0.927
123	130	0.105	0.226	0.365	0.521	0.684	0.846
123	163	0.061	0.127	0.197	0.272	0.351	0.433	0.516	0.601	0.684	0.766	0.846	0.924
163	165	0.047	0.099	0.157	0.222	0.297	0.382	0.479	0.588	0.703	0.813	0.912
120	122	0.056	0.114	0.172	0.229	0.284	0.339	0.392	0.446	0.499	0.553	0.61	0.669	0.732	0.804	0.889
122	162	0.074	0.152	0.23	0.308	0.385	0.461	0.536	0.608	0.677	0.743	0.803	0.858	0.909	0.956
162	164	0.064	0.131	0.2	0.272	0.345	0.42	0.498	0.578	0.659	0.743	0.828	0.914
159	160	0.112	0.236	0.37	0.509	0.646	0.775	0.892
157	158	0.077	0.17	0.28	0.402	0.523	0.634	0.73	0.812	0.883	0.944
158	159	0.167	0.395	0.623	0.787	0.906
149	157	0.06	0.135	0.233	0.356	0.482	0.593	0.693	0.782	0.862	0.934
149	151	0.041	0.087	0.138	0.197	0.267	0.352	0.46	0.602	0.761	0.895
151	158	0.159	0.31	0.445	0.564	0.67	0.764	0.85	0.927
148	151	0.096	0.19	0.274	0.35	0.42	0.487	0.552	0.615	0.678	0.742	0.806	0.87	0.935
148	150	0.083	0.182	0.297	0.423	0.548	0.663	0.764	0.853	0.93
150	151	0.14	0.274	0.397	0.51	0.617	0.718	0.815	0.909
159	161	0.077	0.163	0.26	0.366	0.479	0.595	0.71	0.818	0.914
154	158	0.154	0.254	0.325	0.386	0.442	0.495	0.547	0.599	0.653	0.71	0.775	0.855
161	205	0.047	0.098	0.153	0.212	0.274	0.34	0.408	0.478	0.547	0.615	0.681	0.743	0.801	0.856	0.907	0.954
156	205	0.123	0.261	0.405	0.543	0.665	0.769	0.857	0.932
154	155	0.078	0.168	0.271	0.388	0.51	0.624	0.723	0.808	0.88	0.943
155	156	0.129	0.276	0.442	0.619	0.805
205	207	0.083	0.181	0.298	0.429	0.56	0.677	0.777	0.862	0.935
206	207	0.144	0.261	0.353	0.432	0.504	0.573	0.639	0.705	0.772	0.841	0.915
200	205	0.072	0.149	0.231	0.32	0.415	0.515	0.619	0.721	0.82	0.913
200	202	0.12	0.237	0.341	0.437	0.526	0.613	0.701	0.79	0.887
202	207	0.075	0.167	0.285	0.421	0.549	0.658	0.755	0.842	0.923
207	208	0.103	0.208	0.316	0.428	0.547	0.677	0.824
207	210	0.063	0.132	0.207	0.287	0.372	0.459	0.549	0.641	0.734	0.826	0.915
208	210	0.107	0.207	0.302	0.394	0.483	0.571	0.655	0.735	0.809	0.878	0.941
210	211	0.082	0.179	0.284	0.385	0.482	0.576	0.669	0.767	0.874
210	212	0.063	0.136	0.223	0.329	0.456	0.598	0.73	0.838	0.925
209	210	0.083	0.173	0.266	0.361	0.455	0.546	0.633	0.715	0.793	0.865	0.934
209	246	0.049	0.102	0.159	0.22	0.287	0.357	0.432	0.508	0.584	0.657	0.726	0.789	0.848	0.902	0.952
212	246	0.11	0.233	0.366	0.499	0.623	0.735	0.834	0.921
246	252	0.137	0.298	0.425	0.53	0.625	0.716	0.805	0.898
246	248	0.045	0.093	0.144	0.197	0.251	0.306	0.36	0.413	0.466	0.518	0.569	0.62	0.671	0.722	0.774	0.827	0.881	0.938
246	247	0.077	0.165	0.265	0.377	0.498	0.619	0.733	0.834	0.922
248	249	0.039	0.079	0.121	0.163	0.207	0.252	0.299	0.349	0.402	0.459	0.521	0.589	0.662	0.74	0.817	0.886	0.946
247	249	0.065	0.125	0.181	0.233	0.282	0.33	0.376	0.422	0.467	0.512	0.558	0.606	0.655	0.707	0.763	0.826	0.901
245	249	0.108	0.193	0.268	0.338	0.405	0.471	0.537	0.606	0.678	0.755	0.837	0.921
245	247	0.164	0.303	0.429	0.551	0.676	0.814
243	245	0.085	0.167	0.245	0.32	0.394	0.468	0.544	0.625	0.716	0.829
244	245	0.202	0.318	0.412	0.498	0.582	0.667	0.758	0.863
242	244	0.076	0.152	0.222	0.289	0.351	0.411	0.47	0.527	0.583	0.639	0.696	0.754	0.813	0.874	0.936
239	242	0.101	0.207	0.316	0.425	0.527	0.62	0.702	0.774	0.839	0.897	0.95
239	240	0.128	0.237	0.335	0.426	0.517	0.611	0.713	0.836
240	243	0.063	0.126	0.186	0.244	0.301	0.356	0.41	0.464	0.518	0.573	0.63	0.689	0.753	0.823	0.904
240	241	0.043	0.097	0.175	0.301	0.417	0.506	0.584	0.659	0.738	0.828
204	241	0.204	0.29	0.359	0.422	0.483	0.543	0.604	0.669	0.742	0.827	0.92
204	209	0.133	0.247	0.346	0.438	0.53	0.626	0.74
201	202	0.109	0.206	0.296	0.382	0.468	0.553	0.64	0.729	0.82	0.911
201	204	0.174	0.286	0.381	0.468	0.551	0.633	0.717	0.804	0.897
201	240	0.094	0.187	0.276	0.359	0.435	0.506	0.572	0.632	0.689	0.741	0.79	0.837	0.88	0.922	0.961
201	203	0.07	0.144	0.22	0.299	0.382	0.471	0.565	0.667	0.775	0.887
203	239	0.114	0.211	0.3	0.384	0.467	0.552	0.642	0.741	0.858
237	242	0.131	0.216	0.283	0.342	0.396	0.447	0.495	0.542	0.588	0.634	0.68	0.726	0.774	0.824	0.877	0.934
237	238	0.091	0.187	0.284	0.381	0.475	0.566	0.656	0.745	0.831	0.916
236	237	0.11	0.217	0.313	0.401	0.486	0.571	0.658	0.749	0.841	0.926
236	238	0.075	0.138	0.195	0.248	0.298	0.346	0.393	0.439	0.484	0.53	0.576	0.622	0.669	0.717	0.766	0.814	0.863	0.91	0.956
233	237	0.143	0.237	0.315	0.386	0.451	0.512	0.572	0.631	0.689	0.747	0.807	0.867	0.931
233	234	0.168	0.284	0.383	0.476	0.566	0.657	0.754	0.862
234	239	0.214	0.357	0.477	0.586	0.69	0.791	0.893
197	234	0.123	0.22	0.305	0.383	0.459	0.534	0.61	0.689	0.774	0.871
197	203	0.092	0.189	0.286	0.384	0.482	0.579	0.678	0.779	0.884
199	201	0.104	0.206	0.305	0.401	0.494	0.584	0.672	0.757	0.84	0.92
199	200	0.098	0.206	0.321	0.44	0.564	0.695	0.841
193	199	0.07	0.147	0.233	0.329	0.438	0.565	0.709	0.859
195	197	0.113	0.219	0.32	0.418	0.515	0.613	0.711	0.808	0.905
193	195	0.099	0.186	0.267	0.347	0.426	0.508	0.595	0.695	0.82
192	195	0.097	0.253	0.421	0.547	0.657	0.763	0.872
155	198	0.104	0.192	0.272	0.349	0.425	0.503	0.586	0.679	0.799
198	199	0.105	0.224	0.352	0.485	0.618	0.75	0.878
153	154	0.218	0.389	0.524	0.641	0.745	0.839	0.923
153	198	0.085	0.173	0.263	0.356	0.452	0.552	0.657	0.768	0.883
152	153	0.284	0.525	0.714	0.868
150	152	0.094	0.163	0.219	0.268	0.313	0.355	0.395	0.434	0.472	0.51	0.547	0.585	0.623	0.662	0.703	0.746	0.792	0.845	0.907
193	198	0.087	0.165	0.234	0.297	0.356	0.414	0.47	0.527	0.585	0.646	0.712	0.787	0.88
141	148	0.18	0.284	0.37	0.448	0.521	0.592	0.664	0.737	0.814	0.899
141	150	0.195	0.312	0.407	0.494	0.575	0.655	0.734	0.816	0.902
147	150	0.182	0.289	0.375	0.453	0.526	0.595	0.664	0.732	0.8	0.867	0.934
147	152	0.127	0.22	0.3	0.372	0.44	0.505	0.569	0.632	0.694	0.757	0.819	0.881	0.941
146	152	0.182	0.343	0.488	0.622	0.751	0.876
152	190	0.063	0.128	0.192	0.256	0.32	0.383	0.446	0.51	0.575	0.643	0.714	0.793	0.883
190	193	0.073	0.15	0.227	0.303	0.376	0.446	0.514	0.581	0.647	0.713	0.78	0.849	0.921
232	233	0.142	0.25	0.343	0.433	0.524	0.625	0.741	0.853	0.936
196	233	0.116	0.217	0.308	0.393	0.476	0.556	0.637	0.72	0.806	0.898
195	196	0.046	0.095	0.146	0.2	0.255	0.311	0.367	0.424	0.482	0.542	0.603	0.668	0.738	0.815	0.903
194	195	0.056	0.132	0.237	0.342	0.426	0.497	0.562	0.623	0.682	0.741	0.8	0.861	0.926
194	196	0.103	0.194	0.28	0.364	0.45	0.539	0.629	0.715	0.791	0.855	0.909	0.957
191	194	0.088	0.173	0.253	0.329	0.403	0.475	0.545	0.616	0.687	0.759	0.834	0.913
179	191	0.209	0.324	0.417	0.502	0.583	0.662	0.743	0.827	0.913
145	179	0.111	0.236	0.356	0.465	0.566	0.664	0.764	0.872
145	193	0.077	0.14	0.193	0.241	0.285	0.326	0.366	0.405	0.443	0.48	0.517	0.555	0.593	0.631	0.671	0.713	0.757	0.805	0.858	0.921
144	145	0.046	0.101	0.165	0.238	0.317	0.394	0.468	0.539	0.608	0.678	0.749	0.825	0.908
144	190	0.124	0.216	0.295	0.367	0.433	0.497	0.557	0.616	0.673	0.73	0.785	0.84	0.893	0.946
142	144	0.312	0.449	0.566	0.675	0.784	0.893
142	143	0.12	0.238	0.359	0.488	0.623	0.747	0.849	0.93
105	139	0.069	0.136	0.202	0.266	0.331	0.396	0.463	0.532	0.605	0.684	0.772	0.873
106	140	0.074	0.153	0.235	0.319	0.404	0.49	0.576	0.661	0.746	0.83	0.915
189	232	0.182	0.33	0.447	0.548	0.642	0.731	0.819	0.908
189	196	0.105	0.204	0.295	0.382	0.466	0.552	0.642	0.741	0.859
27	29	0.059	0.143	0.24	0.32	0.388	0.449	0.506	0.563	0.621	0.682	0.748	0.827	0.918
25	27	0.104	0.213	0.327	0.448	0.575	0.709	0.851
24	25	0.053	0.119	0.2	0.288	0.372	0.452	0.53	0.609	0.695	0.795	0.908
22	24	0.065	0.15	0.265	0.389	0.496	0.587	0.671	0.752	0.831	0.912
24	250	0.08	0.171	0.276	0.397	0.535	0.676	0.802	0.908
21	22	0.091	0.18	0.268	0.357	0.451	0.552	0.663	0.784	0.9
17	21	0.038	0.083	0.137	0.203	0.275	0.344	0.406	0.462	0.515	0.565	0.614	0.662	0.711	0.761	0.813	0.868	0.929
16	17	0.077	0.158	0.239	0.318	0.393	0.467	0.539	0.611	0.684	0.758	0.835	0.915
16	20	0.087	0.182	0.281	0.377	0.471	0.562	0.65	0.738	0.825	0.912
18	20	0.088	0.18	0.277	0.378	0.486	0.6	0.722	0.854
18	54	0.054	0.115	0.183	0.261	0.352	0.46	0.586	0.724	0.863
54	58	0.046	0.095	0.147	0.199	0.253	0.306	0.359	0.412	0.463	0.513	0.563	0.611	0.659	0.705	0.751	0.795	0.838	0.88	0.921	0.96
56	144	0.08	0.171	0.275	0.391	0.509	0.62	0.718	0.802	0.875	0.94
53	58	0.062	0.132	0.213	0.305	0.406	0.512	0.62	0.726	0.826	0.917
53	60	0.14	0.285	0.431	0.576	0.721	0.862
60	99	0.097	0.196	0.294	0.393	0.493	0.593	0.694	0.795	0.896
99	102	0.116	0.232	0.343	0.448	0.543	0.629	0.706	0.775	0.838	0.896	0.949
101	102	0.135	0.273	0.414	0.556	0.701	0.849
97	101	0.063	0.131	0.203	0.281	0.364	0.453	0.547	0.641	0.729	0.809	0.879	0.942
97	103	0.033	0.07	0.113	0.163	0.221	0.289	0.361	0.433	0.503	0.57	0.637	0.705	0.775	0.849	0.926
103	105	0.043	0.092	0.148	0.212	0.287	0.378	0.487	0.604	0.712	0.803	0.879	0.943
103	106	0.08	0.159	0.24	0.321	0.404	0.492	0.585	0.689	0.813
104	106	0.094	0.172	0.239	0.301	0.361	0.418	0.476	0.535	0.597	0.665	0.745	0.852
109	111	0.112	0.23	0.354	0.482	0.612	0.743	0.873
111	149	0.07	0.143	0.218	0.296	0.376	0.458	0.543	0.63	0.719	0.81	0.904
118	149	0.08	0.153	0.211	0.26	0.305	0.346	0.385	0.422	0.459	0.495	0.532	0.569	0.606	0.646	0.687	0.733	0.785	0.853
29	30	0.12	0.237	0.352	0.465	0.576	0.684	0.791	0.896
28	30	0.129	0.262	0.4	0.543	0.69	0.842
26	28	0.079	0.186	0.304	0.408	0.502	0.593	0.685	0.783	0.892
24	26	0.126	0.246	0.357	0.459	0.553	0.64	0.721	0.796	0.867	0.934
22	23	0.074	0.158	0.252	0.351	0.45	0.544	0.634	0.718	0.796	0.869	0.936
19	21	0.087	0.181	0.285	0.397	0.518	0.644	0.769	0.888
17	19	0.13	0.264	0.397	0.529	0.655	0.776	0.89
16	19	0.098	0.2	0.304	0.411	0.521	0.634	0.752	0.873
19	20	0.068	0.138	0.211	0.286	0.364	0.444	0.528	0.614	0.704	0.798	0.896
20	21	0.073	0.147	0.221	0.294	0.368	0.44	0.512	0.584	0.655	0.725	0.795	0.863	0.931
20	54	0.072	0.145	0.218	0.29	0.362	0.433	0.505	0.576	0.647	0.718	0.788	0.859	0.929
54	55	0.036	0.078	0.128	0.187	0.256	0.329	0.4	0.469	0.536	0.604	0.674	0.75	0.836	0.925
54	57	0.099	0.202	0.307	0.416	0.527	0.641	0.758	0.877
56	140	0.056	0.122	0.203	0.304	0.429	0.56	0.672	0.763	0.836	0.898	0.951
55	57	0.065	0.132	0.202	0.273	0.347	0.423	0.501	0.581	0.663	0.746	0.83	0.914
23	55	0.065	0.132	0.202	0.274	0.348	0.425	0.504	0.585	0.667	0.75	0.833	0.916
23	62	0.028	0.059	0.093	0.13	0.171	0.216	0.267	0.324	0.389	0.46	0.538	0.623	0.716	0.816	0.915
26	62	0.122	0.23	0.323	0.405	0.479	0.547	0.609	0.667	0.721	0.773	0.822	0.869	0.914	0.957
28	71	0.037	0.08	0.13	0.191	0.262	0.34	0.417	0.489	0.558	0.624	0.69	0.758	0.831	0.911
30	71	0.089	0.179	0.269	0.36	0.452	0.543	0.635	0.726	0.817	0.908
71	73	0.045	0.095	0.15	0.208	0.269	0.331	0.394	0.458	0.521	0.586	0.65	0.715	0.779	0.841	0.898	0.951
73	75	0.089	0.183	0.282	0.387	0.498	0.616	0.739	0.867
74	75	0.061	0.144	0.272	0.415	0.542	0.665	0.796	0.914
73	74	0.103	0.22	0.317	0.402	0.484	0.568	0.659	0.763	0.865	0.941
67	74	0.068	0.142	0.222	0.309	0.406	0.513	0.631	0.757	0.882
67	73	0.062	0.127	0.194	0.263	0.335	0.409	0.487	0.566	0.649	0.734	0.821	0.909
72	73	0.131	0.266	0.4	0.532	0.658	0.778	0.891
67	72	0.077	0.157	0.236	0.31	0.382	0.453	0.525	0.601	0.683	0.779	0.894
62	72	0.084	0.169	0.244	0.309	0.369	0.425	0.478	0.531	0.584	0.637	0.691	0.748	0.808	0.871	0.935
55	63	0.092	0.183	0.273	0.36	0.446	0.53	0.613	0.693	0.772	0.849	0.925
62	63	0.041	0.084	0.129	0.177	0.226	0.279	0.336	0.397	0.463	0.537	0.621	0.72	0.842
62	64	0.048	0.106	0.18	0.27	0.366	0.458	0.547	0.634	0.722	0.806	0.882	0.945
64	72	0.113	0.233	0.358	0.487	0.619	0.749	0.876
63	64	0.105	0.211	0.317	0.419	0.516	0.608	0.695	0.777	0.855	0.929
64	66	0.069	0.142	0.218	0.298	0.382	0.471	0.565	0.665	0.771	0.882
66	67	0.102	0.207	0.314	0.422	0.533	0.646	0.761	0.879
58	60	0.111	0.222	0.331	0.438	0.541	0.641	0.736	0.827	0.915
60	61	0.148	0.3	0.451	0.598	0.739	0.873
59	61	0.147	0.289	0.422	0.549	0.67	0.785	0.894
57	59	0.118	0.239	0.362	0.486	0.613	0.741	0.869
61	102	0.04	0.081	0.122	0.164	0.206	0.248	0.291	0.334	0.377	0.421	0.464	0.507	0.55	0.593	0.636	0.678	0.72	0.761	0.802	0.842	0.882	0.922	0.96
59	65	0.059	0.119	0.182	0.247	0.313	0.382	0.452	0.525	0.6	0.677	0.756	0.836	0.917
61	68	0.052	0.105	0.16	0.216	0.273	0.332	0.392	0.453	0.516	0.581	0.647	0.714	0.783	0.854	0.925
65	68	0.196	0.349	0.476	0.585	0.682	0.77	0.852	0.927
102	104	0.11	0.225	0.344	0.466	0.593	0.724	0.859
100	102	0.082	0.197	0.294	0.374	0.445	0.513	0.583	0.656	0.735	0.818	0.892	0.951
68	100	0.095	0.196	0.3	0.409	0.522	0.638	0.757	0.878
68	69	0.096	0.196	0.299	0.406	0.516	0.631	0.749	0.872
66	69	0.093	0.194	0.303	0.424	0.556	0.7	0.85
66	70	0.056	0.119	0.188	0.26	0.331	0.399	0.465	0.528	0.589	0.649	0.709	0.768	0.827	0.886	0.943
67	70	0.055	0.114	0.176	0.24	0.305	0.371	0.437	0.505	0.575	0.647	0.723	0.799	0.873	0.94
70	112	0.103	0.21	0.32	0.432	0.546	0.66	0.775	0.888
109	110	0.101	0.205	0.311	0.419	0.53	0.644	0.759	0.878
108	110	0.127	0.24	0.324	0.397	0.467	0.539	0.617	0.715	0.847	0.94
107	110	0.071	0.146	0.224	0.304	0.388	0.473	0.561	0.65	0.739	0.827	0.914
107	108	0.137	0.277	0.418	0.561	0.706	0.852
70	107	0.219	0.392	0.539	0.67	0.788	0.897
110	113	0.161	0.331	0.504	0.675	0.841
113	114	0.046	0.094	0.144	0.195	0.249	0.306	0.366	0.43	0.501	0.581	0.674	0.776	0.867	0.94
112	114	0.115	0.227	0.334	0.439	0.539	0.637	0.731	0.823	0.912
112	115	0.055	0.113	0.173	0.235	0.297	0.36	0.424	0.49	0.558	0.63	0.706	0.785	0.863	0.936
114	115	0.097	0.202	0.314	0.433	0.555	0.676	0.791	0.899
114	116	0.117	0.237	0.358	0.482	0.607	0.735	0.866
115	116	0.097	0.196	0.296	0.397	0.499	0.601	0.702	0.802	0.901
111	113	0.085	0.172	0.26	0.348	0.438	0.529	0.62	0.713	0.807	0.902
111	117	0.102	0.204	0.295	0.377	0.455	0.532	0.611	0.694	0.787	0.893
113	117	0.1	0.201	0.301	0.401	0.501	0.601	0.701	0.8	0.899
116	117	0.135	0.268	0.397	0.523	0.646	0.766	0.884
117	118	0.104	0.214	0.33	0.451	0.58	0.714	0.854
116	118	0.075	0.153	0.232	0.313	0.395	0.478	0.563	0.649	0.736	0.823	0.911
139	140	0.078	0.164	0.26	0.368	0.487	0.61	0.726	0.829	0.919
139	143	0.035	0.075	0.118	0.167	0.223	0.289	0.367	0.458	0.555	0.644	0.723	0.791	0.851	0.905	0.954
131	132	0.096	0.205	0.326	0.453	0.576	0.685	0.779	0.861	0.934
153	155	0.119	0.241	0.367	0.499	0.643	0.807
144	146	0.105	0.206	0.297	0.381	0.461	0.54	0.62	0.704	0.794	0.894
188	227	0.043	0.092	0.148	0.208	0.27	0.33	0.388	0.444	0.5	0.555	0.611	0.667	0.723	0.778	0.831	0.88	0.924	0.963
123	254	0.138	0.278	0.419	0.562	0.706	0.852
19	253	0.079	0.162	0.248	0.339	0.434	0.534	0.64	0.752	0.871
212	252	0.057	0.119	0.186	0.26	0.344	0.44	0.543	0.638	0.715	0.779	0.834	0.882	0.924	0.963
21	250	0.048	0.098	0.148	0.2	0.254	0.31	0.369	0.431	0.498	0.57	0.646	0.721	0.79	0.852	0.907	0.955
162	251	0.052	0.112	0.182	0.265	0.358	0.457	0.555	0.643	0.718	0.782	0.837	0.884	0.926	0.964
14	16	0.075	0.17	0.298	0.48	0.667	0.789	0.875	0.943
218	220	0.097	0.183	0.261	0.333	0.4	0.464	0.526	0.587	0.647	0.707	0.766	0.825	0.883	0.941
52	93	0.034	0.065	0.093	0.12	0.144	0.168	0.191	0.213	0.234	0.255	0.275	0.295	0.315	0.334	0.353	0.372	0.39	0.409	0.427	0.445	0.464	0.482	0.5	0.518	0.537	0.555	0.574	0.593	0.612	0.631	0.651	0.671	0.691	0.712	0.734	0.756	0.779	0.803	0.828	0.855	0.884	0.916	0.953
68	148	0.006	0.013	0.02	0.027	0.035	0.044	0.054	0.065	0.078	0.094	0.117	0.185	0.212	0.231	0.246	0.26	0.272	0.283	0.294	0.304	0.314	0.323	0.332	0.34	0.349	0.357	0.365	0.373	0.38	0.388	0.395	0.403	0.41	0.417	0.424	0.431	0.438	0.445	0.452	0.459	0.465	0.472	0.479	0.486	0.492	0.499	0.506	0.512	0.519	0.526	0.533	0.539	0.546	0.553	0.56	0.567	0.574	0.581	0.588	0.595	0.602	0.61	0.617	0.625	0.633	0.641	0.649	0.657	0.666	0.675	0.684	0.693	0.703	0.714	0.725	0.737	0.75	0.765	0.783	0.808	0.876	0.902	0.919	0.932	0.943	0.953	0.962	0.97	0.978	0.985	0.992
178	179	0.041	0.084	0.129	0.176	0.225	0.275	0.328	0.383	0.439	0.495	0.552	0.609	0.664	0.718	0.77	0.82	0.868	0.914	0.957
218	220	0.097	0.183	0.261	0.333	0.4	0.464	0.526	0.587	0.647	0.707	0.766	0.825	0.883	0.941
52	93	0.023	0.051	0.085	0.133	0.254	0.527	0.582	0.618	0.647	0.671	0.692	0.711	0.728	0.743	0.758	0.772	0.784	0.796	0.808	0.819	0.829	0.839	0.849	0.858	0.867	0.876	0.884	0.892	0.9	0.908	0.915	0.923	0.93	0.937	0.943	0.95	0.956	0.963	0.969	0.975	0.981	0.987	0.993
52	93	0.034	0.065	0.093	0.12	0.144	0.168	0.191	0.213	0.234	0.255	0.275	0.295	0.315	0.334	0.353	0.372	0.39	0.409	0.427	0.445	0.464	0.482	0.5	0.518	0.537	0.555	0.574	0.593	0.612	0.631	0.651	0.671	0.691	0.712	0.734	0.756	0.779	0.803	0.828	0.855	0.884	0.916	0.953
218	220	0.097	0.183	0.261	0.333	0.4	0.464	0.526	0.587	0.647	0.707	0.766	0.825	0.883	0.941
68	148	0.006	0.013	0.02	0.027	0.035	0.044	0.054	0.065	0.078	0.094	0.117	0.185	0.212	0.231	0.246	0.26	0.272	0.283	0.294	0.304	0.314	0.323	0.332	0.34	0.349	0.357	0.365	0.373	0.38	0.388	0.395	0.403	0.41	0.417	0.424	0.431	0.438	0.445	0.452	0.459	0.465	0.472	0.479	0.486	0.492	0.499	0.506	0.512	0.519	0.526	0.533	0.539	0.546	0.553	0.56	0.567	0.574	0.581	0.588	0.595	0.602	0.61	0.617	0.625	0.633	0.641	0.649	0.657	0.666	0.675	0.684	0.693	0.703	0.714	0.725	0.737	0.75	0.765	0.783	0.808	0.876	0.902	0.919	0.932	0.943	0.953	0.962	0.97	0.978	0.985	0.992
178	179	0.041	0.084	0.129	0.176	0.225	0.275	0.328	0.383	0.439	0.495	0.552	0.609	0.664	0.718	0.77	0.82	0.868	0.914	0.957
52	93	0.034	0.065	0.093	0.12	0.144	0.168	0.191	0.213	0.234	0.255	0.275	0.295	0.315	0.334	0.353	0.372	0.39	0.409	0.427	0.445	0.464	0.482	0.5	0.518	0.537	0.555	0.574	0.593	0.612	0.631	0.651	0.671	0.691	0.712	0.734	0.756	0.779	0.803	0.828	0.855	0.884	0.916	0.953
68	148	0.006	0.013	0.02	0.027	0.035	0.044	0.054	0.065	0.078	0.094	0.117	0.185	0.212	0.231	0.246	0.26	0.272	0.283	0.294	0.304	0.314	0.323	0.332	0.34	0.349	0.357	0.365	0.373	0.38	0.388	0.395	0.403	0.41	0.417	0.424	0.431	0.438	0.445	0.452	0.459	0.465	0.472	0.479	0.486	0.492	0.499	0.506	0.512	0.519	0.526	0.533	0.539	0.546	0.553	0.56	0.567	0.574	0.581	0.588	0.595	0.602	0.61	0.617	0.625	0.633	0.641	0.649	0.657	0.666	0.675	0.684	0.693	0.703	0.714	0.725	0.737	0.75	0.765	0.783	0.808	0.876	0.902	0.919	0.932	0.943	0.953	0.962	0.97	0.978	0.985	0.992
178	179	0.041	0.084	0.129	0.176	0.225	0.275	0.328	0.383	0.439	0.495	0.552	0.609	0.664	0.718	0.77	0.82	0.868	0.914	0.957
52	93	0.034	0.065	0.093	0.12	0.144	0.168	0.191	0.213	0.234	0.255	0.275	0.295	0.315	0.334	0.353	0.372	0.39	0.409	0.427	0.445	0.464	0.482	0.5	0.518	0.537	0.555	0.574	0.593	0.612	0.631	0.651	0.671	0.691	0.712	0.734	0.756	0.779	0.803	0.828	0.855	0.884	0.916	0.953
68	148	0.006	0.013	0.02	0.027	0.035	0.044	0.054	0.065	0.078	0.094	0.117	0.185	0.212	0.231	0.246	0.26	0.272	0.283	0.294	0.304	0.314	0.323	0.332	0.34	0.349	0.357	0.365	0.373	0.38	0.388	0.395	0.403	0.41	0.417	0.424	0.431	0.438	0.445	0.452	0.459	0.465	0.472	0.479	0.486	0.492	0.499	0.506	0.512	0.519	0.526	0.533	0.539	0.546	0.553	0.56	0.567	0.574	0.581	0.588	0.595	0.602	0.61	0.617	0.625	0.633	0.641	0.649	0.657	0.666	0.675	0.684	0.693	0.703	0.714	0.725	0.737	0.75	0.765	0.783	0.808	0.876	0.902	0.919	0.932	0.943	0.953	0.962	0.97	0.978	0.985	0.992
178	179	0.041	0.084	0.129	0.176	0.225	0.275	0.328	0.383	0.439	0.495	0.552	0.609	0.664	0.718	0.77	0.82	0.868	0.914	0.957
52	93	0.034	0.065	0.093	0.12	0.144	0.168	0.191	0.213	0.234	0.255	0.275	0.295	0.315	0.334	0.353	0.372	0.39	0.409	0.427	0.445	0.464	0.482	0.5	0.518	0.537	0.555	0.574	0.593	0.612	0.631	0.651	0.671	0.691	0.712	0.734	0.756	0.779	0.803	0.828	0.855	0.884	0.916	0.953
68	148	0.006	0.013	0.02	0.027	0.035	0.044	0.054	0.065	0.078	0.094	0.117	0.185	0.212	0.231	0.246	0.26	0.272	0.283	0.294	0.304	0.314	0.323	0.332	0.34	0.349	0.357	0.365	0.373	0.38	0.388	0.395	0.403	0.41	0.417	0.424	0.431	0.438	0.445	0.452	0.459	0.465	0.472	0.479	0.486	0.492	0.499	0.506	0.512	0.519	0.526	0.533	0.539	0.546	0.553	0.56	0.567	0.574	0.581	0.588	0.595	0.602	0.61	0.617	0.625	0.633	0.641	0.649	0.657	0.666	0.675	0.684	0.693	0.703	0.714	0.725	0.737	0.75	0.765	0.783	0.808	0.876	0.902	0.919	0.932	0.943	0.953	0.962	0.97	0.978	0.985	0.992
52	93	0.034	0.065	0.093	0.12	0.144	0.168	0.191	0.213	0.234	0.255	0.275	0.295	0.315	0.334	0.353	0.372	0.39	0.409	0.427	0.445	0.464	0.482	0.5	0.518	0.537	0.555	0.574	0.593	0.612	0.631	0.651	0.671	0.691	0.712	0.734	0.756	0.779	0.803	0.828	0.855	0.884	0.916	0.953
68	148	0.006	0.013	0.02	0.027	0.035	0.044	0.054	0.065	0.078	0.094	0.117	0.185	0.212	0.231	0.246	0.26	0.272	0.283	0.294	0.304	0.314	0.323	0.332	0.34	0.349	0.357	0.365	0.373	0.38	0.388	0.395	0.403	0.41	0.417	0.424	0.431	0.438	0.445	0.452	0.459	0.465	0.472	0.479	0.486	0.492	0.499	0.506	0.512	0.519	0.526	0.533	0.539	0.546	0.553	0.56	0.567	0.574	0.581	0.588	0.595	0.602	0.61	0.617	0.625	0.633	0.641	0.649	0.657	0.666	0.675	0.684	0.693	0.703	0.714	0.725	0.737	0.75	0.765	0.783	0.808	0.876	0.902	0.919	0.932	0.943	0.953	0.962	0.97	0.978	0.985	0.992
68	148	0.006	0.013	0.02	0.027	0.035	0.044	0.054	0.065	0.078	0.094	0.117	0.185	0.212	0.231	0.246	0.26	0.272	0.283	0.294	0.304	0.314	0.323	0.332	0.34	0.349	0.357	0.365	0.373	0.38	0.388	0.395	0.403	0.41	0.417	0.424	0.431	0.438	0.445	0.452	0.459	0.465	0.472	0.479	0.486	0.492	0.499	0.506	0.512	0.519	0.526	0.533	0.539	0.546	0.553	0.56	0.567	0.574	0.581	0.588	0.595	0.602	0.61	0.617	0.625	0.633	0.641	0.649	0.657	0.666	0.675	0.684	0.693	0.703	0.714	0.725	0.737	0.75	0.765	0.783	0.808	0.876	0.902	0.919	0.932	0.943	0.953	0.962	0.97	0.978	0.985	0.992
68	148	0.004	0.008	0.012	0.017	0.021	0.026	0.03	0.035	0.04	0.045	0.05	0.055	0.06	0.065	0.07	0.076	0.081	0.087	0.092	0.098	0.104	0.11	0.116	0.122	0.128	0.134	0.141	0.147	0.153	0.16	0.166	0.173	0.18	0.186	0.193	0.2	0.207	0.213	0.22	0.227	0.234	0.241	0.248	0.254	0.261	0.268	0.275	0.281	0.288	0.295	0.302	0.308	0.315	0.322	0.328	0.335	0.342	0.348	0.355	0.361	0.368	0.374	0.381	0.388	0.394	0.401	0.407	0.414	0.42	0.427	0.433	0.44	0.446	0.453	0.46	0.466	0.473	0.479	0.486	0.493	0.499	0.506	0.513	0.52	0.527	0.533	0.54	0.547	0.554	0.561	0.568	0.575	0.583	0.59	0.597	0.604	0.612	0.619	0.626	0.634	0.641	0.649	0.656	0.664	0.671	0.679	0.686	0.694	0.701	0.709	0.716	0.723	0.731	0.738	0.745	0.752	0.758	0.765	0.772	0.778	0.784	0.791	0.797	0.803	0.809	0.814	0.82	0.825	0.831	0.836	0.841	0.846	0.851	0.856	0.861	0.865	0.87	0.874	0.879	0.883	0.888	0.892	0.896	0.9	0.904	0.908	0.912	0.916	0.919	0.923	0.927	0.93	0.934	0.937	0.941	0.944	0.947	0.951	0.954	0.957	0.96	0.963	0.967	0.97	0.973	0.976	0.979	0.982	0.984	0.987	0.99	0.993	0.996
68	148	0.002	0.004	0.006	0.008	0.011	0.013	0.015	0.018	0.02	0.023	0.025	0.028	0.03	0.033	0.036	0.038	0.041	0.044	0.047	0.05	0.053	0.056	0.059	0.062	0.065	0.069	0.072	0.076	0.079	0.083	0.087	0.09	0.094	0.099	0.103	0.107	0.112	0.117	0.122	0.127	0.133	0.139	0.145	0.152	0.16	0.169	0.178	0.19	0.205	0.238	0.285	0.303	0.317	0.329	0.34	0.35	0.359	0.368	0.376	0.384	0.392	0.399	0.407	0.414	0.421	0.428	0.434	0.441	0.447	0.454	0.46	0.467	0.473	0.479	0.486	0.492	0.498	0.504	0.511	0.517	0.523	0.53	0.536	0.542	0.549	0.555	0.562	0.569	0.575	0.582	0.589	0.597	0.604	0.612	0.619	0.628	0.636	0.645	0.655	0.665	0.677	0.69	0.706	0.729	0.785	0.803	0.816	0.827	0.835	0.843	0.851	0.857	0.864	0.869	0.875	0.88	0.885	0.89	0.894	0.899	0.903	0.907	0.911	0.915	0.918	0.922	0.925	0.929	0.932	0.935	0.939	0.942	0.945	0.948	0.951	0.954	0.957	0.959	0.962	0.965	0.967	0.97	0.973	0.975	0.978	0.98	0.982	0.985	0.987	0.989	0.992	0.994	0.996
68	148	0.002	0.004	0.006	0.008	0.011	0.013	0.015	0.018	0.02	0.023	0.025	0.028	0.03	0.033	0.036	0.038	0.041	0.044	0.047	0.05	0.053	0.056	0.059	0.062	0.065	0.069	0.072	0.076	0.079	0.083	0.087	0.09	0.094	0.099	0.103	0.107	0.112	0.117	0.122	0.127	0.133	0.139	0.145	0.152	0.16	0.169	0.178	0.19	0.205	0.238	0.285	0.303	0.317	0.329	0.34	0.35	0.359	0.368	0.376	0.384	0.392	0.399	0.407	0.414	0.421	0.428	0.434	0.441	0.447	0.454	0.46	0.467	0.473	0.479	0.486	0.492	0.498	0.504	0.511	0.517	0.523	0.53	0.536	0.542	0.549	0.555	0.562	0.569	0.575	0.582	0.589	0.597	0.604	0.612	0.619	0.628	0.636	0.645	0.655	0.665	0.677	0.69	0.706	0.729	0.785	0.803	0.816	0.827	0.835	0.843	0.851	0.857	0.864	0.869	0.875	0.88	0.885	0.89	0.894	0.899	0.903	0.907	0.911	0.915	0.918	0.922	0.925	0.929	0.932	0.935	0.939	0.942	0.945	0.948	0.951	0.954	0.957	0.959	0.962	0.965	0.967	0.97	0.973	0.975	0.978	0.98	0.982	0.985	0.987	0.989	0.992	0.994	0.996
68	148	0.002	0.004	0.006	0.008	0.011	0.013	0.015	0.018	0.02	0.023	0.025	0.028	0.03	0.033	0.036	0.038	0.041	0.044	0.047	0.05	0.053	0.056	0.059	0.062	0.065	0.069	0.072	0.076	0.079	0.083	0.087	0.09	0.094	0.099	0.103	0.107	0.112	0.117	0.122	0.127	0.133	0.139	0.145	0.152	0.16	0.169	0.178	0.19	0.205	0.238	0.285	0.303	0.317	0.329	0.34	0.35	0.359	0.368	0.376	0.384	0.392	0.399	0.407	0.414	0.421	0.428	0.434	0.441	0.447	0.454	0.46	0.467	0.473	0.479	0.486	0.492	0.498	0.504	0.511	0.517	0.523	0.53	0.536	0.542	0.549	0.555	0.562	0.569	0.575	0.582	0.589	0.597	0.604	0.612	0.619	0.628	0.636	0.645	0.655	0.665	0.677	0.69	0.706	0.729	0.785	0.803	0.816	0.827	0.835	0.843	0.851	0.857	0.864	0.869	0.875	0.88	0.885	0.89	0.894	0.899	0.903	0.907	0.911	0.915	0.918	0.922	0.925	0.929	0.932	0.935	0.939	0.942	0.945	0.948	0.951	0.954	0.957	0.959	0.962	0.965	0.967	0.97	0.973	0.975	0.978	0.98	0.982	0.985	0.987	0.989	0.992	0.994	0.996
68	148	0.006	0.013	0.02	0.027	0.035	0.044	0.054	0.065	0.078	0.094	0.117	0.185	0.212	0.231	0.246	0.26	0.272	0.283	0.294	0.304	0.314	0.323	0.332	0.34	0.349	0.357	0.365	0.373	0.38	0.388	0.395	0.403	0.41	0.417	0.424	0.431	0.438	0.445	0.452	0.459	0.465	0.472	0.479	0.486	0.492	0.499	0.506	0.512	0.519	0.526	0.533	0.539	0.546	0.553	0.56	0.567	0.574	0.581	0.588	0.595	0.602	0.61	0.617	0.625	0.633	0.641	0.649	0.657	0.666	0.675	0.684	0.693	0.703	0.714	0.725	0.737	0.75	0.765	0.783	0.808	0.876	0.902	0.919	0.932	0.943	0.953	0.962	0.97	0.978	0.985	0.992
68	148	0.014	0.03	0.051	0.084	0.168	0.198	0.22	0.239	0.256	0.271	0.285	0.298	0.311	0.323	0.335	0.346	0.357	0.368	0.378	0.389	0.399	0.409	0.419	0.428	0.438	0.447	0.457	0.466	0.476	0.485	0.495	0.504	0.513	0.523	0.532	0.541	0.551	0.561	0.57	0.58	0.59	0.6	0.61	0.62	0.631	0.641	0.652	0.664	0.675	0.687	0.7	0.713	0.727	0.742	0.759	0.777	0.799	0.827	0.909	0.946	0.967	0.984
68	148	0.014	0.03	0.051	0.084	0.168	0.198	0.22	0.239	0.256	0.271	0.285	0.298	0.311	0.323	0.335	0.346	0.357	0.368	0.378	0.389	0.399	0.409	0.419	0.428	0.438	0.447	0.457	0.466	0.476	0.485	0.495	0.504	0.513	0.523	0.532	0.541	0.551	0.56	0.57	0.58	0.59	0.6	0.61	0.62	0.631	0.641	0.652	0.664	0.675	0.687	0.7	0.713	0.727	0.742	0.759	0.777	0.799	0.827	0.909	0.946	0.967	0.984
68	148	0.002	0.005	0.008	0.01	0.013	0.016	0.019	0.022	0.024	0.027	0.03	0.033	0.036	0.039	0.042	0.045	0.049	0.052	0.055	0.058	0.062	0.065	0.068	0.072	0.075	0.079	0.082	0.086	0.09	0.093	0.097	0.101	0.105	0.109	0.113	0.117	0.121	0.126	0.13	0.135	0.139	0.144	0.149	0.154	0.159	0.164	0.169	0.175	0.18	0.186	0.192	0.199	0.205	0.212	0.219	0.226	0.234	0.242	0.251	0.26	0.271	0.281	0.293	0.307	0.321	0.337	0.355	0.373	0.391	0.407	0.422	0.436	0.449	0.461	0.472	0.483	0.492	0.502	0.511	0.52	0.528	0.536	0.544	0.552	0.559	0.566	0.573	0.58	0.587	0.594	0.6	0.607	0.613	0.619	0.625	0.631	0.637	0.643	0.649	0.654	0.66	0.666	0.671	0.676	0.682	0.687	0.692	0.698	0.703	0.708	0.713	0.718	0.723	0.728	0.733	0.738	0.743	0.747	0.752	0.757	0.762	0.766	0.771	0.776	0.78	0.785	0.79	0.794	0.799	0.803	0.808	0.812	0.816	0.821	0.825	0.83	0.834	0.838	0.843	0.847	0.851	0.856	0.86	0.864	0.868	0.873	0.877	0.881	0.885	0.889	0.894	0.898	0.902	0.906	0.91	0.914	0.918	0.922	0.926	0.931	0.935	0.939	0.943	0.947	0.951	0.955	0.959	0.963	0.967	0.971	0.975	0.979	0.983	0.987	0.991	0.995
68	148	0.022	0.044	0.066	0.088	0.111	0.133	0.155	0.177	0.2	0.222	0.244	0.266	0.288	0.311	0.333	0.355	0.377	0.4	0.422	0.444	0.466	0.488	0.511	0.533	0.555	0.577	0.599	0.622	0.644	0.666	0.688	0.71	0.732	0.755	0.777	0.799	0.821	0.843	0.865	0.888	0.91	0.932	0.954	0.976
13	41	0.046	0.096	0.148	0.202	0.256	0.31	0.362	0.413	0.463	0.512	0.56	0.607	0.653	0.698	0.743	0.787	0.831	0.874	0.916	0.958
1	2	0.058	0.113	0.168	0.222	0.277	0.334	0.393	0.458	0.532	0.622	0.733	0.831	0.901	0.954
1	4	0.099	0.199	0.299	0.401	0.507	0.622	0.749	0.883
2	4	0.239	0.4	0.526	0.635	0.734	0.826	0.914
1	3	0.079	0.166	0.261	0.363	0.471	0.584	0.698	0.807	0.908
3	4	0.071	0.147	0.227	0.313	0.405	0.505	0.614	0.734	0.864
2	5	0.086	0.184	0.291	0.403	0.514	0.621	0.717	0.802	0.876	0.941
4	6	0.116	0.246	0.388	0.53	0.656	0.764	0.854	0.931
5	6	0.082	0.164	0.246	0.328	0.411	0.496	0.584	0.675	0.773	0.879
5	7	0.061	0.126	0.198	0.276	0.36	0.449	0.539	0.626	0.705	0.775	0.839	0.897	0.95
5	8	0.085	0.213	0.345	0.456	0.558	0.657	0.75	0.831	0.897	0.952
7	8	0.187	0.353	0.497	0.622	0.732	0.83	0.918
8	10	0.145	0.258	0.358	0.452	0.544	0.637	0.736	0.849
7	11	0.113	0.214	0.302	0.38	0.453	0.52	0.584	0.645	0.703	0.759	0.812	0.863	0.91	0.956
11	12	0.046	0.096	0.149	0.208	0.272	0.343	0.421	0.504	0.589	0.668	0.74	0.804	0.86	0.911	0.957
11	14	0.023	0.048	0.076	0.105	0.138	0.173	0.211	0.251	0.293	0.334	0.375	0.415	0.454	0.493	0.531	0.569	0.607	0.646	0.685	0.726	0.77	0.817	0.869	0.929
12	14	0.142	0.279	0.409	0.532	0.652	0.768	0.883
14	15	0.154	0.282	0.389	0.485	0.573	0.658	0.742	0.825	0.91
15	18	0.14	0.243	0.331	0.412	0.492	0.573	0.66	0.761	0.882
18	48	0.187	0.389	0.566	0.707	0.822	0.917
48	50	0.129	0.253	0.372	0.487	0.598	0.704	0.807	0.905
49	50	0.103	0.199	0.288	0.374	0.457	0.538	0.619	0.699	0.778	0.856	0.929
49	52	0.087	0.171	0.253	0.332	0.41	0.486	0.562	0.636	0.711	0.784	0.857	0.928
52	53	0.065	0.131	0.194	0.255	0.313	0.37	0.427	0.484	0.545	0.611	0.688	0.791	0.917
97	98	0.085	0.174	0.265	0.355	0.442	0.523	0.6	0.671	0.736	0.797	0.852	0.905	0.953
98	135	0.118	0.231	0.337	0.436	0.53	0.619	0.703	0.782	0.858	0.93
98	134	0.051	0.105	0.159	0.215	0.271	0.328	0.386	0.446	0.507	0.571	0.639	0.712	0.794	0.889
95	96	0.083	0.179	0.29	0.417	0.556	0.692	0.813	0.914
94	95	0.124	0.267	0.425	0.589	0.746	0.883
92	124	0.113	0.232	0.353	0.469	0.579	0.68	0.771	0.854	0.93
91	124	0.103	0.223	0.362	0.518	0.684	0.85
81	119	0.056	0.118	0.188	0.266	0.352	0.446	0.544	0.64	0.73	0.809	0.88	0.943
81	82	0.174	0.346	0.525	0.728
6	9	0.117	0.242	0.369	0.494	0.618	0.742	0.869
9	10	0.087	0.185	0.288	0.39	0.49	0.591	0.696	0.804	0.909
10	11	0.091	0.189	0.292	0.399	0.509	0.616	0.72	0.819	0.911
10	13	0.059	0.12	0.179	0.236	0.291	0.343	0.393	0.441	0.487	0.532	0.576	0.62	0.662	0.704	0.746	0.788	0.829	0.871	0.913	0.956
11	13	0.05	0.102	0.156	0.211	0.269	0.329	0.393	0.461	0.532	0.604	0.673	0.737	0.794	0.844	0.888	0.928	0.965
12	13	0.085	0.173	0.261	0.351	0.442	0.534	0.627	0.72	0.813	0.906
13	41	0.046	0.096	0.148	0.202	0.256	0.31	0.362	0.413	0.463	0.512	0.56	0.607	0.653	0.698	0.743	0.787	0.831	0.874	0.916	0.958
15	48	0.133	0.25	0.35	0.441	0.529	0.618	0.712	0.822
47	48	0.141	0.269	0.394	0.521	0.657	0.815
47	50	0.085	0.165	0.24	0.314	0.386	0.458	0.53	0.604	0.68	0.759	0.839	0.92
49	51	0.106	0.23	0.373	0.524	0.669	0.796	0.905
51	52	0.133	0.245	0.349	0.45	0.551	0.655	0.766	0.882
46	49	0.079	0.161	0.239	0.314	0.386	0.456	0.526	0.597	0.67	0.748	0.831	0.917
46	51	0.048	0.098	0.15	0.203	0.258	0.315	0.376	0.44	0.509	0.586	0.672	0.766	0.858	0.935
41	46	0.066	0.143	0.235	0.338	0.447	0.554	0.66	0.765	0.875
41	42	0.108	0.219	0.328	0.434	0.534	0.629	0.716	0.796	0.869	0.937
31	32	0.063	0.128	0.194	0.263	0.334	0.408	0.486	0.567	0.649	0.73	0.807	0.877	0.941
31	33	0.084	0.176	0.278	0.387	0.502	0.619	0.73	0.832	0.921
32	33	0.099	0.202	0.307	0.411	0.516	0.622	0.733	0.854
32	34	0.059	0.124	0.192	0.265	0.341	0.421	0.503	0.585	0.666	0.743	0.814	0.881	0.942
32	39	0.026	0.055	0.089	0.128	0.175	0.234	0.304	0.379	0.449	0.513	0.576	0.638	0.702	0.772	0.851	0.932
39	41	0.094	0.18	0.257	0.33	0.398	0.465	0.532	0.6	0.671	0.746	0.827	0.914
33	36	0.104	0.201	0.292	0.379	0.465	0.55	0.635	0.721	0.81	0.902
35	36	0.054	0.116	0.188	0.27	0.358	0.447	0.535	0.622	0.709	0.8	0.896
36	38	0.14	0.255	0.356	0.451	0.543	0.637	0.737	0.849
34	38	0.089	0.182	0.279	0.379	0.482	0.588	0.695	0.801	0.903
34	40	0.091	0.187	0.287	0.389	0.495	0.605	0.722	0.852
40	42	0.116	0.228	0.341	0.459	0.587	0.74
42	44	0.142	0.278	0.407	0.534	0.665	0.811
42	43	0.115	0.226	0.336	0.444	0.552	0.661	0.772	0.884
43	44	0.174	0.321	0.449	0.566	0.678	0.787	0.894
40	43	0.168	0.307	0.428	0.541	0.651	0.76	0.874
43	45	0.195	0.34	0.469	0.591	0.714	0.846
35	37	0.067	0.131	0.193	0.254	0.316	0.379	0.446	0.52	0.604	0.715	0.885
36	37	0.133	0.244	0.344	0.438	0.529	0.62	0.711	0.805	0.901
37	38	0.125	0.231	0.328	0.419	0.509	0.598	0.689	0.784	0.886
34	45	0.145	0.207	0.256	0.3	0.339	0.377	0.413	0.448	0.482	0.516	0.551	0.586	0.622	0.66	0.7	0.744	0.794	0.859
45	85	0.088	0.161	0.225	0.286	0.344	0.401	0.459	0.52	0.584	0.656	0.744	0.874
45	84	0.111	0.206	0.291	0.371	0.447	0.521	0.595	0.669	0.744	0.823	0.906
84	85	0.161	0.32	0.454	0.576	0.698	0.831
83	84	0.141	0.252	0.347	0.436	0.524	0.618	0.726	0.866
45	83	0.133	0.237	0.329	0.415	0.499	0.584	0.673	0.768	0.875
37	78	0.069	0.151	0.249	0.361	0.477	0.584	0.678	0.759	0.83	0.893	0.948
78	83	0.063	0.139	0.228	0.325	0.421	0.512	0.6	0.688	0.779	0.878
78	86	0.146	0.25	0.334	0.412	0.486	0.563	0.646	0.745	0.879
78	87	0.204	0.348	0.452	0.541	0.622	0.698	0.772	0.846	0.921
77	86	0.087	0.171	0.252	0.33	0.407	0.485	0.567	0.657	0.761	0.884
76	77	0.151	0.322	0.452	0.562	0.664	0.765	0.872
76	79	0.083	0.181	0.298	0.43	0.561	0.678	0.778	0.862	0.935
79	80	0.161	0.28	0.385	0.483	0.579	0.678	0.78	0.889
77	79	0.103	0.205	0.304	0.402	0.497	0.59	0.68	0.766	0.848	0.926
79	81	0.135	0.236	0.323	0.403	0.48	0.555	0.631	0.709	0.792	0.885
80	81	0.063	0.128	0.194	0.262	0.33	0.4	0.471	0.545	0.622	0.703	0.791	0.887
86	88	0.119	0.239	0.356	0.469	0.579	0.686	0.79	0.894
80	88	0.106	0.217	0.328	0.438	0.552	0.676	0.823
87	89	0.109	0.224	0.337	0.446	0.55	0.65	0.745	0.835	0.919
87	90	0.135	0.237	0.327	0.41	0.49	0.568	0.646	0.722	0.798	0.87	0.937
89	90	0.103	0.208	0.318	0.437	0.571	0.74
89	92	0.116	0.217	0.309	0.397	0.484	0.571	0.662	0.76	0.87
88	92	0.084	0.162	0.237	0.309	0.379	0.45	0.521	0.595	0.674	0.76	0.862
90	92	0.069	0.132	0.191	0.246	0.3	0.353	0.405	0.457	0.509	0.563	0.619	0.678	0.741	0.811	0.894
90	93	0.227	0.387	0.521	0.643	0.76	0.877
93	94	0.143	0.272	0.395	0.515	0.634	0.755	0.877
93	96	0.18	0.32	0.444	0.562	0.684	0.82
93	95	0.112	0.206	0.29	0.368	0.442	0.513	0.582	0.65	0.718	0.786	0.855	0.926
217	218	0.038	0.08	0.125	0.175	0.228	0.286	0.348	0.413	0.479	0.546	0.613	0.679	0.744	0.808	0.872	0.936
119	120	0.07	0.15	0.244	0.352	0.474	0.601	0.722	0.828	0.92
120	123	0.073	0.151	0.23	0.31	0.39	0.469	0.547	0.623	0.699	0.774	0.849	0.924
121	123	0.112	0.195	0.265	0.33	0.39	0.448	0.504	0.56	0.615	0.671	0.729	0.789	0.853	0.922
121	125	0.19	0.373	0.535	0.675	0.797	0.903
124	125	0.118	0.231	0.335	0.435	0.533	0.631	0.735	0.851
124	126	0.163	0.294	0.413	0.525	0.635	0.748	0.866
126	127	0.144	0.27	0.389	0.505	0.622	0.742	0.869
95	127	0.065	0.131	0.198	0.267	0.336	0.407	0.48	0.558	0.642	0.738	0.855
95	133	0.054	0.112	0.171	0.232	0.295	0.359	0.423	0.488	0.552	0.615	0.677	0.736	0.794	0.849	0.901	0.951
133	134	0.111	0.237	0.372	0.503	0.624	0.732	0.829	0.918
133	137	0.142	0.251	0.343	0.425	0.5	0.573	0.643	0.712	0.781	0.851	0.923
137	138	0.082	0.168	0.252	0.337	0.423	0.51	0.595	0.67	0.734	0.788	0.833	0.874	0.909	0.942	0.971
135	138	0.075	0.159	0.249	0.34	0.427	0.509	0.585	0.656	0.721	0.783	0.842	0.897	0.949
105	135	0.053	0.114	0.186	0.273	0.381	0.505	0.625	0.733	0.829	0.917
138	143	0.092	0.199	0.319	0.447	0.575	0.697	0.809	0.91
183	191	0.233	0.333	0.414	0.489	0.562	0.639	0.724	0.822	0.921
183	186	0.188	0.323	0.437	0.543	0.646	0.751	0.864
186	189	0.108	0.204	0.288	0.363	0.432	0.497	0.561	0.625	0.689	0.755	0.826	0.904
189	225	0.081	0.165	0.247	0.327	0.405	0.481	0.557	0.635	0.715	0.802	0.896
225	235	0.107	0.204	0.288	0.365	0.439	0.512	0.586	0.662	0.741	0.818	0.887	0.947
231	235	0.172	0.301	0.415	0.522	0.628	0.738	0.857
225	231	0.048	0.099	0.154	0.21	0.268	0.326	0.384	0.443	0.501	0.559	0.617	0.677	0.737	0.8	0.864	0.93
230	231	0.047	0.102	0.166	0.246	0.35	0.481	0.61	0.722	0.82	0.911
225	227	0.048	0.099	0.154	0.213	0.276	0.344	0.418	0.499	0.586	0.678	0.771	0.857	0.933
227	230	0.093	0.182	0.269	0.354	0.439	0.525	0.616	0.715	0.831
224	227	0.067	0.138	0.214	0.295	0.383	0.48	0.587	0.707	0.844
224	226	0.051	0.11	0.181	0.269	0.383	0.533	0.69	0.819	0.919
226	229	0.134	0.229	0.31	0.385	0.455	0.523	0.592	0.661	0.733	0.81	0.896
228	229	0.055	0.117	0.187	0.269	0.37	0.495	0.625	0.73	0.814	0.884	0.944
226	228	0.061	0.134	0.221	0.329	0.459	0.595	0.711	0.805	0.88	0.944
177	226	0.051	0.106	0.166	0.23	0.297	0.366	0.437	0.51	0.586	0.665	0.749	0.836	0.921
177	187	0.099	0.204	0.318	0.438	0.561	0.676	0.776	0.861	0.934
175	187	0.106	0.204	0.297	0.39	0.483	0.581	0.688	0.814
175	180	0.065	0.138	0.22	0.314	0.422	0.548	0.692	0.846
180	184	0.117	0.224	0.323	0.418	0.513	0.61	0.714	0.834
175	184	0.226	0.35	0.457	0.556	0.656	0.76	0.873
181	184	0.092	0.178	0.259	0.337	0.414	0.494	0.576	0.662	0.748	0.827	0.894	0.95
181	182	0.108	0.251	0.405	0.537	0.649	0.748	0.838	0.921
182	183	0.232	0.368	0.474	0.569	0.661	0.756	0.861
181	183	0.17	0.306	0.431	0.553	0.681	0.823
183	185	0.087	0.182	0.278	0.37	0.462	0.555	0.657	0.783
185	188	0.08	0.164	0.25	0.34	0.434	0.532	0.636	0.748	0.868
184	188	0.071	0.152	0.245	0.352	0.475	0.612	0.754	0.887
188	224	0.036	0.079	0.129	0.191	0.266	0.346	0.423	0.494	0.562	0.629	0.697	0.771	0.858
177	219	0.111	0.21	0.297	0.378	0.455	0.53	0.607	0.686	0.773	0.871
176	219	0.075	0.154	0.236	0.32	0.405	0.492	0.581	0.674	0.773	0.882
174	176	0.065	0.135	0.21	0.292	0.379	0.473	0.572	0.677	0.785	0.893
174	177	0.071	0.143	0.214	0.284	0.354	0.424	0.494	0.564	0.635	0.706	0.777	0.85	0.923
219	223	0.125	0.232	0.328	0.416	0.498	0.576	0.651	0.724	0.794	0.863	0.931
222	223	0.109	0.209	0.305	0.399	0.495	0.596	0.705	0.833
221	222	0.087	0.186	0.297	0.419	0.545	0.669	0.787	0.897
219	221	0.092	0.195	0.307	0.426	0.55	0.673	0.791	0.9
220	221	0.068	0.135	0.201	0.269	0.341	0.42	0.514	0.635	0.76	0.845	0.907	0.956
217	220	0.129	0.248	0.359	0.468	0.579	0.7	0.841
214	217	0.06	0.127	0.2	0.282	0.375	0.479	0.598	0.728	0.865
168	214	0.133	0.241	0.342	0.443	0.55	0.673	0.805	0.916
168	213	0.079	0.17	0.267	0.362	0.457	0.552	0.651	0.76	0.882
213	215	0.103	0.223	0.351	0.483	0.622	0.783
213	216	0.081	0.178	0.292	0.421	0.553	0.672	0.774	0.861	0.934
215	216	0.182	0.321	0.447	0.573	0.693	0.796	0.878	0.943
216	217	0.129	0.239	0.342	0.446	0.553	0.669	0.792	0.906
216	218	0.154	0.242	0.312	0.373	0.431	0.486	0.542	0.599	0.659	0.727	0.81
166	213	0.076	0.153	0.229	0.303	0.376	0.448	0.519	0.588	0.657	0.725	0.793	0.861	0.93
164	166	0.194	0.28	0.35	0.415	0.477	0.539	0.604	0.677	0.767
164	165	0.182	0.293	0.388	0.477	0.563	0.647	0.729	0.807	0.879	0.942
164	251	0.213	0.381	0.536	0.687	0.841
165	167	0.158	0.266	0.354	0.434	0.509	0.582	0.655	0.73	0.81	0.898
167	168	0.085	0.171	0.249	0.321	0.387	0.45	0.513	0.575	0.64	0.708	0.785	0.877
167	173	0.212	0.32	0.4	0.471	0.54	0.61	0.686	0.78
173	176	0.123	0.218	0.296	0.366	0.43	0.49	0.549	0.607	0.665	0.724	0.785	0.849	0.92
172	173	0.221	0.311	0.386	0.453	0.519	0.584	0.651	0.725	0.815
172	174	0.137	0.244	0.335	0.417	0.492	0.563	0.631	0.696	0.758	0.82	0.88	0.94
171	172	0.055	0.123	0.202	0.28	0.35	0.414	0.473	0.529	0.584	0.639	0.695	0.753	0.817	0.892
131	171	0.137	0.218	0.281	0.335	0.385	0.431	0.476	0.52	0.563	0.606	0.651	0.696	0.744	0.795	0.851	0.917
129	131	0.152	0.288	0.397	0.496	0.589	0.683	0.782	0.888
129	132	0.174	0.28	0.363	0.436	0.503	0.567	0.63	0.691	0.752	0.814	0.876	0.938
132	171	0.096	0.19	0.283	0.375	0.467	0.559	0.651	0.742	0.832	0.918
171	178	0.13	0.27	0.407	0.531	0.638	0.729	0.809	0.879	0.942
132	178	0.084	0.178	0.261	0.332	0.397	0.457	0.516	0.574	0.633	0.695	0.76	0.833	0.915
132	136	0.108	0.201	0.285	0.364	0.442	0.52	0.602	0.694	0.805
133	136	0.174	0.259	0.323	0.378	0.428	0.476	0.522	0.568	0.614	0.662	0.711	0.765	0.825	0.898
129	136	0.095	0.2	0.314	0.433	0.551	0.662	0.761	0.849	0.928
127	133	0.143	0.252	0.348	0.437	0.522	0.606	0.692	0.782	0.881
125	128	0.139	0.267	0.385	0.496	0.602	0.704	0.803	0.901
128	130	0.114	0.216	0.312	0.403	0.493	0.583	0.674	0.771	0.876
128	131	0.086	0.178	0.274	0.375	0.483	0.594	0.705	0.812	0.91
131	170	0.091	0.177	0.257	0.33	0.399	0.466	0.531	0.596	0.663	0.732	0.807	0.891
130	170	0.072	0.146	0.221	0.297	0.373	0.449	0.525	0.601	0.678	0.756	0.835	0.915
169	170	0.082	0.179	0.292	0.418	0.55	0.688	0.834
163	169	0.139	0.26	0.364	0.46	0.554	0.65	0.754	0.871
130	163	0.037	0.079	0.125	0.177	0.237	0.308	0.391	0.487	0.587	0.682	0.77	0.851	0.927
123	130	0.105	0.226	0.365	0.521	0.684	0.846
123	163	0.061	0.127	0.197	0.272	0.351	0.433	0.516	0.601	0.684	0.766	0.846	0.924
163	165	0.047	0.099	0.157	0.222	0.297	0.382	0.479	0.588	0.703	0.813	0.912
120	122	0.056	0.114	0.172	0.229	0.284	0.339	0.392	0.446	0.499	0.553	0.61	0.669	0.732	0.804	0.889
122	162	0.074	0.152	0.23	0.308	0.385	0.461	0.536	0.608	0.677	0.743	0.803	0.858	0.909	0.956
162	164	0.064	0.131	0.2	0.272	0.345	0.42	0.498	0.578	0.659	0.743	0.828	0.914
159	160	0.112	0.236	0.37	0.509	0.646	0.775	0.892
157	158	0.077	0.17	0.28	0.402	0.523	0.634	0.73	0.812	0.883	0.944
158	159	0.167	0.395	0.623	0.787	0.906
149	157	0.06	0.135	0.233	0.356	0.482	0.593	0.693	0.782	0.862	0.934
149	151	0.041	0.087	0.138	0.197	0.267	0.352	0.46	0.602	0.761	0.895
151	158	0.159	0.31	0.445	0.564	0.67	0.764	0.85	0.927
148	151	0.096	0.19	0.274	0.35	0.42	0.487	0.552	0.615	0.678	0.742	0.806	0.87	0.935
148	150	0.083	0.182	0.297	0.423	0.548	0.663	0.764	0.853	0.93
150	151	0.14	0.274	0.397	0.51	0.617	0.718	0.815	0.909
159	161	0.077	0.163	0.26	0.366	0.479	0.595	0.71	0.818	0.914
154	158	0.154	0.254	0.325	0.386	0.442	0.495	0.547	0.599	0.653	0.71	0.775	0.855
161	205	0.047	0.098	0.153	0.212	0.274	0.34	0.408	0.478	0.547	0.615	0.681	0.743	0.801	0.856	0.907	0.954
156	205	0.123	0.261	0.405	0.543	0.665	0.769	0.857	0.932
154	155	0.078	0.168	0.271	0.388	0.51	0.624	0.723	0.808	0.88	0.943
155	156	0.129	0.276	0.442	0.619	0.805
205	207	0.083	0.181	0.298	0.429	0.56	0.677	0.777	0.862	0.935
206	207	0.144	0.261	0.353	0.432	0.504	0.573	0.639	0.705	0.772	0.841	0.915
200	205	0.072	0.149	0.231	0.32	0.415	0.515	0.619	0.721	0.82	0.913
200	202	0.12	0.237	0.341	0.437	0.526	0.613	0.701	0.79	0.887
202	207	0.075	0.167	0.285	0.421	0.549	0.658	0.755	0.842	0.923
207	208	0.103	0.208	0.316	0.428	0.547	0.677	0.824
207	210	0.063	0.132	0.207	0.287	0.372	0.459	0.549	0.641	0.734	0.826	0.915
208	210	0.107	0.207	0.302	0.394	0.483	0.571	0.655	0.735	0.809	0.878	0.941
210	211	0.082	0.179	0.284	0.385	0.482	0.576	0.669	0.767	0.874
210	212	0.063	0.136	0.223	0.329	0.456	0.598	0.73	0.838	0.925
209	210	0.083	0.173	0.266	0.361	0.455	0.546	0.633	0.715	0.793	0.865	0.934
209	246	0.049	0.102	0.159	0.22	0.287	0.357	0.432	0.508	0.584	0.657	0.726	0.789	0.848	0.902	0.952
212	246	0.11	0.233	0.366	0.499	0.623	0.735	0.834	0.921
246	252	0.137	0.298	0.425	0.53	0.625	0.716	0.805	0.898
246	248	0.045	0.093	0.144	0.197	0.251	0.306	0.36	0.413	0.466	0.518	0.569	0.62	0.671	0.722	0.774	0.827	0.881	0.938
246	247	0.077	0.165	0.265	0.377	0.498	0.619	0.733	0.834	0.922
248	249	0.039	0.079	0.121	0.163	0.207	0.252	0.299	0.349	0.402	0.459	0.521	0.589	0.662	0.74	0.817	0.886	0.946
247	249	0.065	0.125	0.181	0.233	0.282	0.33	0.376	0.422	0.467	0.512	0.558	0.606	0.655	0.707	0.763	0.826	0.901
245	249	0.108	0.193	0.268	0.338	0.405	0.471	0.537	0.606	0.678	0.755	0.837	0.921
245	247	0.164	0.303	0.429	0.551	0.676	0.814
243	245	0.085	0.167	0.245	0.32	0.394	0.468	0.544	0.625	0.716	0.829
244	245	0.202	0.318	0.412	0.498	0.582	0.667	0.758	0.863
242	244	0.076	0.152	0.222	0.289	0.351	0.411	0.47	0.527	0.583	0.639	0.696	0.754	0.813	0.874	0.936
239	242	0.101	0.207	0.316	0.425	0.527	0.62	0.702	0.774	0.839	0.897	0.95
239	240	0.128	0.237	0.335	0.426	0.517	0.611	0.713	0.836
240	243	0.063	0.126	0.186	0.244	0.301	0.356	0.41	0.464	0.518	0.573	0.63	0.689	0.753	0.823	0.904
240	241	0.043	0.097	0.175	0.301	0.417	0.506	0.584	0.659	0.738	0.828
204	241	0.204	0.29	0.359	0.422	0.483	0.543	0.604	0.669	0.742	0.827	0.92
204	209	0.133	0.247	0.346	0.438	0.53	0.626	0.74
201	202	0.109	0.206	0.296	0.382	0.468	0.553	0.64	0.729	0.82	0.911
201	204	0.174	0.286	0.381	0.468	0.551	0.633	0.717	0.804	0.897
201	240	0.094	0.187	0.276	0.359	0.435	0.506	0.572	0.632	0.689	0.741	0.79	0.837	0.88	0.922	0.961
201	203	0.07	0.144	0.22	0.299	0.382	0.471	0.565	0.667	0.775	0.887
203	239	0.114	0.211	0.3	0.384	0.467	0.552	0.642	0.741	0.858
237	242	0.131	0.216	0.283	0.342	0.396	0.447	0.495	0.542	0.588	0.634	0.68	0.726	0.774	0.824	0.877	0.934
237	238	0.091	0.187	0.284	0.381	0.475	0.566	0.656	0.745	0.831	0.916
236	237	0.11	0.217	0.313	0.401	0.486	0.571	0.658	0.749	0.841	0.926
236	238	0.075	0.138	0.195	0.248	0.298	0.346	0.393	0.439	0.484	0.53	0.576	0.622	0.669	0.717	0.766	0.814	0.863	0.91	0.956
233	237	0.143	0.237	0.315	0.386	0.451	0.512	0.572	0.631	0.689	0.747	0.807	0.867	0.931
233	234	0.168	0.284	0.383	0.476	0.566	0.657	0.754	0.862
234	239	0.214	0.357	0.477	0.586	0.69	0.791	0.893
197	234	0.123	0.22	0.305	0.383	0.459	0.534	0.61	0.689	0.774	0.871
197	203	0.092	0.189	0.286	0.384	0.482	0.579	0.678	0.779	0.884
199	201	0.104	0.206	0.305	0.401	0.494	0.584	0.672	0.757	0.84	0.92
199	200	0.098	0.206	0.321	0.44	0.564	0.695	0.841
193	199	0.07	0.147	0.233	0.329	0.438	0.565	0.709	0.859
195	197	0.113	0.219	0.32	0.418	0.515	0.613	0.711	0.808	0.905
193	195	0.099	0.186	0.267	0.347	0.426	0.508	0.595	0.695	0.82
192	195	0.097	0.253	0.421	0.547	0.657	0.763	0.872
155	198	0.104	0.192	0.272	0.349	0.425	0.503	0.586	0.679	0.799
198	199	0.105	0.224	0.352	0.485	0.618	0.75	0.878
153	154	0.218	0.389	0.524	0.641	0.745	0.839	0.923
153	198	0.085	0.173	0.263	0.356	0.452	0.552	0.657	0.768	0.883
152	153	0.284	0.525	0.714	0.868
150	152	0.094	0.163	0.219	0.268	0.313	0.355	0.395	0.434	0.472	0.51	0.547	0.585	0.623	0.662	0.703	0.746	0.792	0.845	0.907
193	198	0.087	0.165	0.234	0.297	0.356	0.414	0.47	0.527	0.585	0.646	0.712	0.787	0.88
141	148	0.18	0.284	0.37	0.448	0.521	0.592	0.664	0.737	0.814	0.899
141	150	0.195	0.312	0.407	0.494	0.575	0.655	0.734	0.816	0.902
147	150	0.182	0.289	0.375	0.453	0.526	0.595	0.664	0.732	0.8	0.867	0.934
147	152	0.127	0.22	0.3	0.372	0.44	0.505	0.569	0.632	0.694	0.757	0.819	0.881	0.941
146	152	0.182	0.343	0.488	0.622	0.751	0.876
152	190	0.063	0.128	0.192	0.256	0.32	0.383	0.446	0.51	0.575	0.643	0.714	0.793	0.883
190	193	0.073	0.15	0.227	0.303	0.376	0.446	0.514	0.581	0.647	0.713	0.78	0.849	0.921
232	233	0.142	0.25	0.343	0.433	0.524	0.625	0.741	0.853	0.936
196	233	0.116	0.217	0.308	0.393	0.476	0.556	0.637	0.72	0.806	0.898
195	196	0.046	0.095	0.146	0.2	0.255	0.311	0.367	0.424	0.482	0.542	0.603	0.668	0.738	0.815	0.903
194	195	0.056	0.132	0.237	0.342	0.426	0.497	0.562	0.623	0.682	0.741	0.8	0.861	0.926
194	196	0.103	0.194	0.28	0.364	0.45	0.539	0.629	0.715	0.791	0.855	0.909	0.957
191	194	0.088	0.173	0.253	0.329	0.403	0.475	0.545	0.616	0.687	0.759	0.834	0.913
179	191	0.209	0.324	0.417	0.502	0.583	0.662	0.743	0.827	0.913
145	179	0.111	0.236	0.356	0.465	0.566	0.664	0.764	0.872
145	193	0.077	0.14	0.193	0.241	0.285	0.326	0.366	0.405	0.443	0.48	0.517	0.555	0.593	0.631	0.671	0.713	0.757	0.805	0.858	0.921
144	145	0.046	0.101	0.165	0.238	0.317	0.394	0.468	0.539	0.608	0.678	0.749	0.825	0.908
144	190	0.124	0.216	0.295	0.367	0.433	0.497	0.557	0.616	0.673	0.73	0.785	0.84	0.893	0.946
142	144	0.312	0.449	0.566	0.675	0.784	0.893
142	143	0.12	0.238	0.359	0.488	0.623	0.747	0.849	0.93
105	139	0.069	0.136	0.202	0.266	0.331	0.396	0.463	0.532	0.605	0.684	0.772	0.873
106	140	0.074	0.153	0.235	0.319	0.404	0.49	0.576	0.661	0.746	0.83	0.915
189	232	0.182	0.33	0.447	0.548	0.642	0.731	0.819	0.908
189	196	0.105	0.204	0.295	0.382	0.466	0.552	0.642	0.741	0.859
27	29	0.059	0.143	0.24	0.32	0.388	0.449	0.506	0.563	0.621	0.682	0.748	0.827	0.918
25	27	0.104	0.213	0.327	0.448	0.575	0.709	0.851
24	25	0.053	0.119	0.2	0.288	0.372	0.452	0.53	0.609	0.695	0.795	0.908
22	24	0.065	0.15	0.265	0.389	0.496	0.587	0.671	0.752	0.831	0.912
24	250	0.08	0.171	0.276	0.397	0.535	0.676	0.802	0.908
21	22	0.091	0.18	0.268	0.357	0.451	0.552	0.663	0.784	0.9
17	21	0.038	0.083	0.137	0.203	0.275	0.344	0.406	0.462	0.515	0.565	0.614	0.662	0.711	0.761	0.813	0.868	0.929
16	17	0.077	0.158	0.239	0.318	0.393	0.467	0.539	0.611	0.684	0.758	0.835	0.915
16	20	0.087	0.182	0.281	0.377	0.471	0.562	0.65	0.738	0.825	0.912
18	20	0.088	0.18	0.277	0.378	0.486	0.6	0.722	0.854
18	54	0.054	0.115	0.183	0.261	0.352	0.46	0.586	0.724	0.863
54	58	0.046	0.095	0.147	0.199	0.253	0.306	0.359	0.412	0.463	0.513	0.563	0.611	0.659	0.705	0.751	0.795	0.838	0.88	0.921	0.96
56	144	0.08	0.171	0.275	0.391	0.509	0.62	0.718	0.802	0.875	0.94
53	58	0.062	0.132	0.213	0.305	0.406	0.512	0.62	0.726	0.826	0.917
53	60	0.14	0.285	0.431	0.576	0.721	0.862
60	99	0.097	0.196	0.294	0.393	0.493	0.593	0.694	0.795	0.896
99	102	0.116	0.232	0.343	0.448	0.543	0.629	0.706	0.775	0.838	0.896	0.949
101	102	0.135	0.273	0.414	0.556	0.701	0.849
97	101	0.063	0.131	0.203	0.281	0.364	0.453	0.547	0.641	0.729	0.809	0.879	0.942
97	103	0.033	0.07	0.113	0.163	0.221	0.289	0.361	0.433	0.503	0.57	0.637	0.705	0.775	0.849	0.926
103	105	0.043	0.092	0.148	0.212	0.287	0.378	0.487	0.604	0.712	0.803	0.879	0.943
103	106	0.08	0.159	0.24	0.321	0.404	0.492	0.585	0.689	0.813
104	106	0.094	0.172	0.239	0.301	0.361	0.418	0.476	0.535	0.597	0.665	0.745	0.852
109	111	0.112	0.23	0.354	0.482	0.612	0.743	0.873
111	149	0.07	0.143	0.218	0.296	0.376	0.458	0.543	0.63	0.719	0.81	0.904
118	149	0.08	0.153	0.211	0.26	0.305	0.346	0.385	0.422	0.459	0.495	0.532	0.569	0.606	0.646	0.687	0.733	0.785	0.853
29	30	0.12	0.237	0.352	0.465	0.576	0.684	0.791	0.896
28	30	0.129	0.262	0.4	0.543	0.69	0.842
26	28	0.079	0.186	0.304	0.408	0.502	0.593	0.685	0.783	0.892
24	26	0.126	0.246	0.357	0.459	0.553	0.64	0.721	0.796	0.867	0.934
22	23	0.074	0.158	0.252	0.351	0.45	0.544	0.634	0.718	0.796	0.869	0.936
19	21	0.087	0.181	0.285	0.397	0.518	0.644	0.769	0.888
17	19	0.13	0.264	0.397	0.529	0.655	0.776	0.89
16	19	0.098	0.2	0.304	0.411	0.521	0.634	0.752	0.873
19	20	0.068	0.138	0.211	0.286	0.364	0.444	0.528	0.614	0.704	0.798	0.896
20	21	0.073	0.147	0.221	0.294	0.368	0.44	0.512	0.584	0.655	0.725	0.795	0.863	0.931
20	54	0.072	0.145	0.218	0.29	0.362	0.433	0.505	0.576	0.647	0.718	0.788	0.859	0.929
54	55	0.036	0.078	0.128	0.187	0.256	0.329	0.4	0.469	0.536	0.604	0.674	0.75	0.836	0.925
54	57	0.099	0.202	0.307	0.416	0.527	0.641	0.758	0.877
56	140	0.056	0.122	0.203	0.304	0.429	0.56	0.672	0.763	0.836	0.898	0.951
55	57	0.065	0.132	0.202	0.273	0.347	0.423	0.501	0.581	0.663	0.746	0.83	0.914
23	55	0.065	0.132	0.202	0.274	0.348	0.425	0.504	0.585	0.667	0.75	0.833	0.916
23	62	0.028	0.059	0.093	0.13	0.171	0.216	0.267	0.324	0.389	0.46	0.538	0.623	0.716	0.816	0.915
26	62	0.122	0.23	0.323	0.405	0.479	0.547	0.609	0.667	0.721	0.773	0.822	0.869	0.914	0.957
28	71	0.037	0.08	0.13	0.191	0.262	0.34	0.417	0.489	0.558	0.624	0.69	0.758	0.831	0.911
30	71	0.089	0.179	0.269	0.36	0.452	0.543	0.635	0.726	0.817	0.908
71	73	0.045	0.095	0.15	0.208	0.269	0.331	0.394	0.458	0.521	0.586	0.65	0.715	0.779	0.841	0.898	0.951
73	75	0.089	0.183	0.282	0.387	0.498	0.616	0.739	0.867
74	75	0.061	0.144	0.272	0.415	0.542	0.665	0.796	0.914
73	74	0.103	0.22	0.317	0.402	0.484	0.568	0.659	0.763	0.865	0.941
67	74	0.068	0.142	0.222	0.309	0.406	0.513	0.631	0.757	0.882
67	73	0.062	0.127	0.194	0.263	0.335	0.409	0.487	0.566	0.649	0.734	0.821	0.909
72	73	0.131	0.266	0.4	0.532	0.658	0.778	0.891
67	72	0.077	0.157	0.236	0.31	0.382	0.453	0.525	0.601	0.683	0.779	0.894
62	72	0.084	0.169	0.244	0.309	0.369	0.425	0.478	0.531	0.584	0.637	0.691	0.748	0.808	0.871	0.935
55	63	0.092	0.183	0.273	0.36	0.446	0.53	0.613	0.693	0.772	0.849	0.925
62	63	0.041	0.084	0.129	0.177	0.226	0.279	0.336	0.397	0.463	0.537	0.621	0.72	0.842
62	64	0.048	0.106	0.18	0.27	0.366	0.458	0.547	0.634	0.722	0.806	0.882	0.945
64	72	0.113	0.233	0.358	0.487	0.619	0.749	0.876
63	64	0.105	0.211	0.317	0.419	0.516	0.608	0.695	0.777	0.855	0.929
64	66	0.069	0.142	0.218	0.298	0.382	0.471	0.565	0.665	0.771	0.882
66	67	0.102	0.207	0.314	0.422	0.533	0.646	0.761	0.879
58	60	0.111	0.222	0.331	0.438	0.541	0.641	0.736	0.827	0.915
60	61	0.148	0.3	0.451	0.598	0.739	0.873
59	61	0.147	0.289	0.422	0.549	0.67	0.785	0.894
57	59	0.118	0.239	0.362	0.486	0.613	0.741	0.869
61	102	0.04	0.081	0.122	0.164	0.206	0.248	0.291	0.334	0.377	0.421	0.464	0.507	0.55	0.593	0.636	0.678	0.72	0.761	0.802	0.842	0.882	0.922	0.96
59	65	0.059	0.119	0.182	0.247	0.313	0.382	0.452	0.525	0.6	0.677	0.756	0.836	0.917
61	68	0.052	0.105	0.16	0.216	0.273	0.332	0.392	0.453	0.516	0.581	0.647	0.714	0.783	0.854	0.925
65	68	0.196	0.349	0.476	0.585	0.682	0.77	0.852	0.927
102	104	0.11	0.225	0.344	0.466	0.593	0.724	0.859
100	102	0.082	0.197	0.294	0.374	0.445	0.513	0.583	0.656	0.735	0.818	0.892	0.951
68	100	0.095	0.196	0.3	0.409	0.522	0.638	0.757	0.878
68	69	0.096	0.196	0.299	0.406	0.516	0.631	0.749	0.872
66	69	0.093	0.194	0.303	0.424	0.556	0.7	0.85
66	70	0.056	0.119	0.188	0.26	0.331	0.399	0.465	0.528	0.589	0.649	0.709	0.768	0.827	0.886	0.943
67	70	0.055	0.114	0.176	0.24	0.305	0.371	0.437	0.505	0.575	0.647	0.723	0.799	0.873	0.94
70	112	0.103	0.21	0.32	0.432	0.546	0.66	0.775	0.888
109	110	0.101	0.205	0.311	0.419	0.53	0.644	0.759	0.878
108	110	0.127	0.24	0.324	0.397	0.467	0.539	0.617	0.715	0.847	0.94
107	110	0.071	0.146	0.224	0.304	0.388	0.473	0.561	0.65	0.739	0.827	0.914
107	108	0.137	0.277	0.418	0.561	0.706	0.852
70	107	0.219	0.392	0.539	0.67	0.788	0.897
110	113	0.161	0.331	0.504	0.675	0.841
113	114	0.046	0.094	0.144	0.195	0.249	0.306	0.366	0.43	0.501	0.581	0.674	0.776	0.867	0.94
112	114	0.115	0.227	0.334	0.439	0.539	0.637	0.731	0.823	0.912
112	115	0.055	0.113	0.173	0.235	0.297	0.36	0.424	0.49	0.558	0.63	0.706	0.785	0.863	0.936
114	115	0.097	0.202	0.314	0.433	0.555	0.676	0.791	0.899
114	116	0.117	0.237	0.358	0.482	0.607	0.735	0.866
115	116	0.097	0.196	0.296	0.397	0.499	0.601	0.702	0.802	0.901
111	113	0.085	0.172	0.26	0.348	0.438	0.529	0.62	0.713	0.807	0.902
111	117	0.102	0.204	0.295	0.377	0.455	0.532	0.611	0.694	0.787	0.893
113	117	0.1	0.201	0.301	0.401	0.501	0.601	0.701	0.8	0.899
116	117	0.135	0.268	0.397	0.523	0.646	0.766	0.884
117	118	0.104	0.214	0.33	0.451	0.58	0.714	0.854
116	118	0.075	0.153	0.232	0.313	0.395	0.478	0.563	0.649	0.736	0.823	0.911
139	140	0.078	0.164	0.26	0.368	0.487	0.61	0.726	0.829	0.919
139	143	0.035	0.075	0.118	0.167	0.223	0.289	0.367	0.458	0.555	0.644	0.723	0.791	0.851	0.905	0.954
131	132	0.096	0.205	0.326	0.453	0.576	0.685	0.779	0.861	0.934
153	155	0.119	0.241	0.367	0.499	0.643	0.807
144	146	0.105	0.206	0.297	0.381	0.461	0.54	0.62	0.704	0.794	0.894
188	227	0.043	0.092	0.148	0.208	0.27	0.33	0.388	0.444	0.5	0.555	0.611	0.667	0.723	0.778	0.831	0.88	0.924	0.963
123	254	0.138	0.278	0.419	0.562	0.706	0.852
19	253	0.079	0.162	0.248	0.339	0.434	0.534	0.64	0.752	0.871
212	252	0.057	0.119	0.186	0.26	0.344	0.44	0.543	0.638	0.715	0.779	0.834	0.882	0.924	0.963
21	250	0.048	0.098	0.148	0.2	0.254	0.31	0.369	0.431	0.498	0.57	0.646	0.721	0.79	0.852	0.907	0.955
162	251	0.052	0.112	0.182	0.265	0.358	0.457	0.555	0.643	0.718	0.782	0.837	0.884	0.926	0.964
14	16	0.075	0.17	0.298	0.48	0.667	0.789	0.875	0.943
218	220	0.097	0.183	0.261	0.333	0.4	0.464	0.526	0.587	0.647	0.707	0.766	0.825	0.883	0.941
52	93	0.034	0.065	0.093	0.12	0.144	0.168	0.191	0.213	0.234	0.255	0.275	0.295	0.315	0.334	0.353	0.372	0.39	0.409	0.427	0.445	0.464	0.482	0.5	0.518	0.537	0.555	0.574	0.593	0.612	0.631	0.651	0.671	0.691	0.712	0.734	0.756	0.779	0.803	0.828	0.855	0.884	0.916	0.953
68	148	0.022	0.044	0.066	0.088	0.111	0.133	0.155	0.177	0.2	0.222	0.244	0.266	0.288	0.311	0.333	0.355	0.377	0.4	0.422	0.444	0.466	0.488	0.511	0.533	0.555	0.577	0.599	0.622	0.644	0.666	0.688	0.71	0.732	0.755	0.777	0.799	0.821	0.843	0.865	0.888	0.91	0.932	0.954	0.976
178	179	0.041	0.084	0.129	0.176	0.225	0.275	0.328	0.383	0.439	0.495	0.552	0.609	0.664	0.718	0.77	0.82	0.868	0.914	0.957
