6001    2126    114
6002    1881    154
6003    1979    329
6004    2275    189
6005    1575    244
6006    1897    534
6007    2241    398
6008    880 135
6009    1197    114
6010    1268    304
6011    990 307
6012    713 392
6013    1008    516
6014    1360    460
6015    800 592
6016    1192    682
6017    1421    659
6018    1690    631
6019    2081    639
6020    2431    496
6021    848 814
6022    1225    836
6023    1426    969
6024    1576    791
6025    1714    951
6026    1850    724
6027    2280    721
6028    1966    885
6029    2243    882
6030    2642    918
6031    1060    957
6032    1545    1160
6033    1880    1197
6034    785 959
6035    916 1111
6036    593 1102
6037    728 1189
6038    910 1297
6039    1108    1421
6040    1423    1310
6041    1838    1329
6042    2104    1453
6043    1315    1553
6044    1593    1455
6045    1847    1598
6046    1572    1609