6026	6027	1911	1065	1960	1059	2010	1053	2048	1055	2105	1056	2158	1062	2210	1069	2245	1071
6041	6044	1754	464 1710	442 1670	414 1628	380
6043	6046	1381	243 1428	234 1477	228
6044	6046	1541	310 1525	276 1524	248
6045	6046	1740	204	1710	205	1675	202	1653	200
6042	6045	2048	381	2012	365	1970	338	1944	310	1918	272
6033	6042	1950	577	1973	558	1997	534	2031	502	2045	481	2063	453	2085	424
6033	6041	1850	545	1842	520
6041	6045	1833	413	1825	358	1817	316	1814	276
6032	6041	1594	614	1643	588	1708	564	1751	538	1791	514
6040	6044	1485	448	1525	428	1552	408
6032	6040	1473	575	1450	545
6040	6043	1394	450	1381	423	1367	390	1355	343	1344	311
6039	6043	1154	344	1177	321	1217	305	1253	290
6039	6040	1157	408	1188	415	1230	426	1270	440	1311	452	1348	466
6038	6039	967	466	997	444	1037	424	1073	408
6037	6038	781	582	819	560	859	545
6036	6037	645	662	680	644
6034	6036	738	802	712	783	680	759	648	741
6035	6037	861	665	827	651	798	639
6031	6035	985	810	957	780	937	748
6031	6034	974	877	929	877	895	877	856	874
6021	6031	921	979	951	964	974	947	1003	925	1030	897
6015	6021	833	1116	832	1076	844	1043
6012	6015	745	1348	759	1312	776	1267
6008	6012	841	1622	820	1598	800	1574	778	1543	760	1514	741	1473
6011	6012	901	1495	865	1487	838	1473	807	1458	772	1443
6012	6013	803	1414	848	1396	892	1374	927	1352	956	1329
6010	6011	1197	1529	1170	1529	1141	1530	1109	1530	1073	1527	1046	1523
6008	6009	962	1664	1004	1665	1054	1665	1110	1673
6009	6010	1240	1650	1259	1613	1269	1571
6005	6010	1467	1544	1433	1534	1395	1527	1365	1519	1336	1517 
6010	6014	1304	1461	1320	1430	1329	1406
6005	6014	1493	1499	1468	1472	1440	1442	1410	1418	1384	1397
6003	6005	1859	1486	1800	1498	1754	1507	1714	1518	1649	1538
6002	6005	1781	1623	1751	1613	1712	1606	1675	1599	1636	1592
6001	6002	1997	1681	1970	1673	1938	1666
6001	6003	2060	1623	2032	1589	2009	1553	1996	1521
6001	6004	2170	1657	2210	1643
6004	6007	2270	1560	2269	1527	2263	1485
6007	6020	2298	1379	2330	1356	2371	1339
6007	6019	2198	1343	2180	1309	2158	1281	2137	1247	2114	1221
6020	6027	2387	1242	2358	1192	2336	1155	2315	1123
6027	6030	2333	1077	2375	1069	2425	1045	2474	1021	2513	1003	2550	982	2588	947
6029	6030	2304	942	2352	953	2409	955	2463	949	2506	948	2555	933	2579	921
6027	6029	2257	1003	2252	968
6028	6029	2042	937	2079	944	2114	952	2159	946
6017	6024	1471	1103	1505	1076	1533	1051
6013	6016	1060	1258	1093	1221	1148	1180
6024	6025	1626	968	1665	935	1685	901
6025	6026	1756	903	1780	945	1800	996
6025	6028	1800	858	1836	866	1890	888
6023	6025	1480	866	1523	878	1576	886	1640	886
6019	6026	1976	1124	1939	1108	1909	1102
6006	6019	1957	1228	1996	1211	2031	1199
6003	6006	1965	1393	1957	1345	1942	1312
6006	6018	1844	1224	1814	1211	1774	1202	1734	1197
6014	6016	1298	1280	1271	1225	1245	1180
6014	6017	1386	1266	1403	1218
6013	6015	923	1250	880	1226
6018	6024	1653	1106	1620	1061
6028	6033	1945	840	1935	776	1926	726	1906	668
6025	6032	1683	790	1658	755	1630	726	1591	691
6023	6032	1468	790	1486	750	1515	703
6022	6023	1271	918	1311	895	1368	873
6022	6031	1171	921	1131	891
6017	6022	1356	1083	1315	1043	1276	1011
6016	6022	1205	1060	1208	1023
