6026	6027	0.054	0.109	0.164	0.219	0.273	0.328	0.383	0.438	0.494	0.55	0.608	0.666	0.727	0.79	0.855	0.924
6041	6044	0.059	0.125	0.2	0.285	0.38	0.484	0.593	0.701	0.806	0.906
6043	6046	0.079	0.18	0.309	0.464	0.61	0.724	0.813	0.885	0.946
6044	6046	0.091	0.199	0.336	0.526	0.712	0.835	0.925
6045	6046	0.041	0.089	0.148	0.226	0.349	0.6	0.781	0.877	0.945
6042	6045	0.058	0.127	0.215	0.326	0.444	0.549	0.638	0.715	0.784	0.845	0.901	0.952
6033	6042	0.051	0.109	0.176	0.254	0.346	0.452	0.563	0.665	0.753	0.828	0.892	0.948
6033	6041	0.103	0.259	0.569	0.852
6041	6045	0.069	0.149	0.241	0.346	0.46	0.578	0.691	0.789	0.871	0.94
6032	6041	0.073	0.148	0.222	0.297	0.372	0.448	0.525	0.602	0.681	0.76	0.84	0.92
6040	6044	0.065	0.144	0.246	0.385	0.567	0.732	0.847	0.931
6032	6040	0.066	0.149	0.262	0.443	0.71	0.886
6040	6043	0.09	0.197	0.319	0.448	0.571	0.681	0.777	0.861	0.934
6039	6043	0.084	0.191	0.329	0.492	0.643	0.762	0.856	0.933
6039	6040	0.066	0.14	0.224	0.316	0.413	0.511	0.604	0.689	0.765	0.833	0.893	0.948
6038	6039	0.075	0.161	0.26	0.375	0.504	0.642	0.776	0.895
6037	6038	0.094	0.209	0.351	0.514	0.672	0.804	0.911
6036	6037	0.112	0.264	0.474	0.701	0.874
6034	6036	0.078	0.175	0.3	0.457	0.618	0.749	0.85	0.931
6035	6037	0.08	0.187	0.344	0.56	0.731	0.846	0.931
6031	6035	0.069	0.153	0.264	0.419	0.616	0.78	0.903
6031	6034	0.047	0.102	0.168	0.251	0.362	0.515	0.671	0.787	0.873	0.941
6021	6031	0.062	0.136	0.227	0.344	0.491	0.638	0.758	0.854	0.932
6015	6021	0.05	0.109	0.18	0.274	0.411	0.616	0.797	0.914
6012	6015	0.088	0.197	0.335	0.5	0.665	0.802	0.91
6008	6012	0.064	0.139	0.227	0.332	0.45	0.567	0.671	0.758	0.832	0.895	0.95
6011	6012	0.047	0.102	0.168	0.253	0.371	0.529	0.679	0.791	0.875	0.942
6012	6013	0.044	0.093	0.149	0.213	0.288	0.377	0.479	0.585	0.688	0.781	0.863	0.935
6010	6011	0.055	0.119	0.195	0.288	0.406	0.543	0.673	0.78	0.866	0.937
6008	6009	0.058	0.127	0.208	0.305	0.421	0.543	0.655	0.748	0.826	0.892	0.948
6009	6010	0.105	0.236	0.399	0.57	0.713	0.827	0.92
6005	6010	0.036	0.078	0.126	0.183	0.255	0.354	0.502	0.675	0.798	0.882	0.946
6010	6014	0.097	0.24	0.474	0.692	0.828	0.924
6005	6014	0.042	0.089	0.144	0.208	0.285	0.382	0.506	0.644	0.766	0.861	0.936
6003	6005	0.032	0.068	0.107	0.152	0.203	0.262	0.333	0.418	0.518	0.621	0.713	0.79	0.855	0.909	0.957
6002	6005	0.042	0.091	0.148	0.217	0.305	0.422	0.568	0.705	0.807	0.884	0.946
6001	6002	0.035	0.076	0.123	0.181	0.257	0.381	0.662	0.84	0.933
6001	6003	0.051	0.11	0.179	0.262	0.368	0.503	0.659	0.799	0.91
6001	6004	0.149	0.357	0.585	0.764	0.896
6004	6007	0.107	0.259	0.465	0.647	0.772	0.864	0.937
6007	6020	0.093	0.211	0.363	0.539	0.697	0.821	0.918
6007	6019	0.055	0.12	0.198	0.293	0.412	0.548	0.677	0.783	0.868	0.939
6020	6027	0.06	0.129	0.208	0.3	0.409	0.534	0.668	0.795	0.905
6027	6030	0.059	0.121	0.185	0.252	0.321	0.392	0.463	0.534	0.603	0.669	0.733	0.792	0.849	0.902	0.952
6029	6030	0.049	0.101	0.156	0.212	0.271	0.333	0.397	0.463	0.531	0.6	0.67	0.739	0.807	0.873	0.937
6027	6029	0.084	0.194	0.357	0.62	0.854
6028	6029	0.056	0.123	0.206	0.317	0.465	0.624	0.742	0.828	0.895	0.951
6017	6024	0.084	0.187	0.317	0.477	0.646	0.791	0.906
6013	6016	0.126	0.255	0.383	0.507	0.622	0.729	0.826	0.916
6024	6025	0.087	0.19	0.314	0.462	0.622	0.77	0.895
6025	6026	0.079	0.178	0.3	0.443	0.583	0.7	0.796	0.874	0.941
6025	6028	0.063	0.14	0.236	0.362	0.515	0.66	0.775	0.865	0.937
6023	6025	0.085	0.175	0.27	0.369	0.468	0.566	0.657	0.74	0.815	0.882	0.943
6019	6026	0.045	0.098	0.162	0.246	0.374	0.611	0.811	0.921
6006	6019	0.075	0.169	0.291	0.453	0.638	0.794	0.91
6003	6006	0.064	0.14	0.233	0.349	0.5	0.671	0.811	0.916
6006	6018	0.071	0.157	0.264	0.394	0.538	0.681	0.807	0.912
6014	6016	0.059	0.128	0.21	0.306	0.416	0.537	0.655	0.762	0.854	0.932
6014	6017	0.086	0.193	0.33	0.501	0.67	0.807	0.913
6013	6015	0.073	0.166	0.288	0.459	0.655	0.807	0.916
6018	6024	0.111	0.242	0.398	0.568	0.732	0.877
6028	6033	0.062	0.131	0.206	0.29	0.381	0.478	0.577	0.675	0.768	0.853	0.929
6025	6032	0.073	0.16	0.266	0.39	0.525	0.652	0.761	0.853	0.931
6023	6032	0.101	0.218	0.349	0.485	0.614	0.73	0.831	0.92
6022	6023	0.095	0.208	0.336	0.47	0.599	0.718	0.824	0.917
6022	6031	0.098	0.223	0.384	0.562	0.713	0.83	0.922
6017	6022	0.063	0.136	0.22	0.321	0.439	0.571	0.702	0.818	0.916
6016	6022	0.116	0.279	0.508	0.731	0.887
