63	77	1062	393	1126	388	1205	367	1272	329	1336	332	1380	347	1436	359	1519	363	1557	366	1594	410	1651	442	1700	462	1738	502	1758	534
57	72	987	1069    1029	1100	1066	1137	1105	1160	1149	1169	1181	1179    1217	1192	1269	1210	1309	1205	1369	1195	1409	1179	1457	1175	1488	1170	1542    1153
51	52	275	1236	304	1168	323	1127	314	1063	314	974	346	930
51	53	285	1279	278	1237	294	1182	331	1146	382	1108	436	1081	486	1030	499	995
53	56	534	972	573	949	604	930	587	897	560	865	533	820	494	773	469	728
56	59	481	698	504	661	534	632	617	549	642	517	656	479
59	65	596	440	548	418	502	387	457	346	409	278
59	73	643	391	657	349	681	315	712	286	752	262
59	63	680	463	715	467	770	452	842	427	911	403
65	73	438	226	489	219	548	211	599	209	658	217	704	232
73	76	802	228	844	210	904	188	969	179	1041	182
76	79	1174	210	1197	226	1255	214	1380	184	1498	159	1512	157	1625	200
71	79	1725	333	1653	275	1637	249
79	83	1702	218	1770	213	1845	202	1921	203	2016	190	2118	168	2193	175
80	83	2038	410	2104	354	2158	313	2258	260	2204	288	2282	232
77	80	1849	538	1888	522	1928	505	1957	479
74	77	1678	607	1719	591	1755	577
70	74	1464	484	1499	520	1541	554	1576	596
66	74	1191	618	1271	609	1327	596	1398	584	1483	590	1535	604
60	66	1089	813	1083	775	1063	735	1051	692	1059	650
66	67	1144	662	1185	685	1248	711
60	64	1118	887	1123	926	1145	956	1182	980	1218	998
57	60	971	1002	1008	963	1048	924	1069	893
54	57	745	1106	794	1086	849	1067	895	1056
51	54	408	1289	461	1269	537	1241	595	1212	632	1198	659	1171
51	55	351	1360	403	1373	458	1390	524	1393	609	1378	676	1355
55	62	767	1298	803	1262	848	1224
55	58	800	1349	821	1362	1143	1286	1211	1325
58	61	1289	1361	1331	1384	1498	1340	1695	1285
61	75	1754	1252	1807	1241	1866	1220	1916	1193	1962	1146
61	69	1751	1308	1819	1328	1912	1333	2007	1328	2088	1314	2146	1298
69	75	2181	1232	2130	1189	2079	1165	2031	1141
75	78	2025	1095	2034	1064	2062	1034	2093	1001	2171	945	2198	920
72	75	1682	1104	1731	1092	1798	1086	1852	1089	1924	1099
78	81	2161	855	2115	814	2106	802	2116	753	2129	722
81	83	2164	621	2199	524	2222	488	2291	433	2323	392	2353	337	2355	265	2321	238
60	67	1155	847	1204	820	1249	800	1303	780	1330	749
67	74	1384	719	1405	700	1455	686	1512	677	1557	658
67	68	1368	745	1396	770	1424	795	1449	813	1503	831	1534	842
60	68	1162	881	1223	896	1295	907	1377	920	1452	911	1510	894	1549	881
68	74	1623	844	1639	814	1647	758	1638	702	1614	664
82	83	2358	598	2306	523	2294	467	2302	419	2318	400	2341	361	2355	317	2351	276	2336	245
