63	77	0.006	0.013	0.02	0.027	0.034	0.041	0.049	0.057	0.065	0.073	0.081	0.089	0.098	0.107	0.116	0.125	0.135	0.145	0.155	0.166	0.177	0.189	0.201	0.214	0.227	0.241	0.256	0.272	0.289	0.307	0.327	0.348	0.371	0.396	0.422	0.45	0.478	0.507	0.534	0.56	0.584	0.608	0.63	0.651	0.671	0.691	0.71	0.728	0.746	0.764	0.781	0.797	0.814	0.83	0.846	0.862	0.877	0.893	0.908	0.923	0.938	0.953	0.968	0.983
57	72	0.015	0.031	0.048	0.065	0.082	0.099	0.117	0.135	0.154	0.174	0.194	0.214	0.236	0.258	0.282	0.306	0.332	0.36	0.39	0.422	0.457	0.495	0.535	0.577	0.617	0.654	0.687	0.717	0.744	0.769	0.792	0.814	0.833	0.852	0.87	0.887	0.903	0.918	0.933	0.947	0.96	0.973	0.986
51	52	0.005	0.01	0.015	0.021	0.026	0.032	0.038	0.044	0.05	0.057	0.063	0.07	0.077	0.084	0.092	0.1	0.108	0.116	0.125	0.135	0.145	0.156	0.167	0.18	0.194	0.209	0.227	0.249	0.279	0.346	0.425	0.462	0.492	0.518	0.543	0.566	0.588	0.61	0.632	0.654	0.677	0.7	0.726	0.753	0.786	0.832	0.939	0.975
51	53	0.005	0.011	0.018	0.024	0.031	0.037	0.044	0.051	0.059	0.066	0.074	0.082	0.09	0.099	0.108	0.118	0.128	0.139	0.15	0.162	0.175	0.189	0.205	0.222	0.242	0.267	0.298	0.343	0.399	0.443	0.478	0.508	0.535	0.56	0.584	0.606	0.629	0.651	0.672	0.694	0.717	0.74	0.763	0.789	0.816	0.847	0.883	0.933
53	56	0.011	0.023	0.036	0.05	0.065	0.081	0.099	0.121	0.146	0.178	0.226	0.319	0.383	0.429	0.469	0.507	0.544	0.581	0.62	0.663	0.713	0.771	0.823	0.861	0.89	0.914	0.935	0.953	0.969	0.985
56	59	0.061	0.099	0.13	0.158	0.183	0.206	0.229	0.25	0.272	0.293	0.314	0.335	0.356	0.378	0.401	0.424	0.45	0.478	0.509	0.55	0.624	0.692	0.726	0.75	0.771	0.788	0.804	0.818	0.83	0.842	0.854	0.864	0.874	0.884	0.893	0.902	0.91	0.918	0.926	0.934	0.941	0.948	0.955	0.962	0.968	0.974	0.981	0.987	0.993
59	65	0.009	0.018	0.027	0.036	0.046	0.055	0.064	0.074	0.083	0.093	0.103	0.112	0.122	0.132	0.142	0.152	0.163	0.173	0.184	0.194	0.205	0.216	0.228	0.239	0.251	0.263	0.276	0.289	0.302	0.316	0.331	0.346	0.362	0.38	0.399	0.42	0.444	0.474	0.517	0.585	0.625	0.651	0.672	0.69	0.706	0.72	0.734	0.746	0.757	0.768	0.778	0.787	0.797	0.805	0.814	0.822	0.83	0.837	0.845	0.852	0.859	0.866	0.872	0.879	0.885	0.891	0.897	0.903	0.909	0.915	0.92	0.926	0.931	0.937	0.942	0.947	0.952	0.957	0.962	0.967	0.971	0.976	0.981	0.985	0.99	0.994
59	73	0.007	0.015	0.024	0.032	0.04	0.048	0.056	0.065	0.073	0.081	0.09	0.099	0.107	0.116	0.125	0.134	0.143	0.152	0.161	0.171	0.18	0.19	0.2	0.21	0.221	0.231	0.242	0.253	0.265	0.276	0.289	0.301	0.314	0.328	0.343	0.358	0.375	0.393	0.413	0.437	0.466	0.514	0.599	0.632	0.656	0.675	0.691	0.706	0.719	0.732	0.743	0.754	0.764	0.774	0.783	0.792	0.801	0.809	0.817	0.824	0.832	0.839	0.846	0.853	0.86	0.866	0.872	0.879	0.885	0.89	0.896	0.902	0.908	0.913	0.918	0.924	0.929	0.934	0.939	0.944	0.949	0.954	0.958	0.963	0.968	0.972	0.977	0.981	0.986	0.99	0.994
59	63	0.007	0.015	0.023	0.032	0.04	0.048	0.057	0.065	0.074	0.083	0.092	0.101	0.111	0.12	0.13	0.14	0.15	0.16	0.171	0.182	0.193	0.205	0.217	0.229	0.242	0.255	0.269	0.283	0.298	0.315	0.332	0.351	0.372	0.395	0.423	0.459	0.513	0.576	0.615	0.644	0.668	0.688	0.706	0.722	0.737	0.752	0.765	0.777	0.789	0.8	0.811	0.822	0.832	0.842	0.851	0.86	0.869	0.878	0.886	0.894	0.902	0.91	0.917	0.925	0.932	0.939	0.946	0.953	0.96	0.967	0.973	0.98	0.986	0.992
65	73	0.004	0.009	0.014	0.019	0.024	0.029	0.034	0.039	0.045	0.05	0.055	0.061	0.066	0.072	0.077	0.083	0.089	0.095	0.101	0.107	0.113	0.119	0.125	0.132	0.138	0.145	0.152	0.159	0.166	0.173	0.18	0.188	0.195	0.203	0.211	0.22	0.228	0.237	0.246	0.256	0.266	0.276	0.287	0.298	0.31	0.323	0.336	0.351	0.368	0.386	0.408	0.435	0.474	0.533	0.571	0.598	0.619	0.637	0.653	0.668	0.682	0.694	0.706	0.717	0.728	0.738	0.748	0.758	0.767	0.776	0.784	0.792	0.801	0.808	0.816	0.824	0.831	0.838	0.845	0.852	0.859	0.865	0.872	0.878	0.885	0.891	0.897	0.903	0.909	0.915	0.92	0.926	0.932	0.937	0.942	0.948	0.953	0.958	0.964	0.969	0.974	0.979	0.984	0.989	0.994
73	76	0.004	0.009	0.014	0.019	0.024	0.029	0.034	0.039	0.044	0.049	0.054	0.059	0.065	0.07	0.076	0.081	0.087	0.092	0.098	0.104	0.11	0.116	0.122	0.128	0.134	0.14	0.147	0.153	0.16	0.166	0.173	0.18	0.187	0.195	0.202	0.21	0.217	0.225	0.233	0.242	0.25	0.259	0.269	0.278	0.288	0.299	0.309	0.321	0.333	0.346	0.36	0.375	0.392	0.412	0.435	0.468	0.525	0.571	0.599	0.62	0.638	0.654	0.668	0.681	0.693	0.705	0.716	0.726	0.735	0.745	0.754	0.762	0.77	0.779	0.786	0.794	0.801	0.808	0.815	0.822	0.829	0.835	0.842	0.848	0.854	0.86	0.866	0.872	0.878	0.883	0.889	0.894	0.9	0.905	0.91	0.915	0.921	0.926	0.931	0.935	0.94	0.945	0.95	0.954	0.959	0.964	0.968	0.973	0.977	0.981	0.986	0.99	0.994
76	79	0.005	0.01	0.015	0.02	0.026	0.031	0.037	0.042	0.048	0.053	0.059	0.065	0.07	0.076	0.082	0.088	0.094	0.101	0.107	0.113	0.12	0.126	0.133	0.14	0.146	0.153	0.16	0.168	0.175	0.183	0.19	0.198	0.206	0.214	0.223	0.231	0.24	0.249	0.259	0.268	0.278	0.289	0.3	0.311	0.323	0.335	0.349	0.363	0.378	0.395	0.414	0.435	0.46	0.489	0.523	0.556	0.583	0.606	0.626	0.644	0.66	0.674	0.688	0.7	0.712	0.723	0.734	0.744	0.754	0.763	0.772	0.781	0.789	0.797	0.805	0.813	0.821	0.828	0.835	0.842	0.849	0.856	0.863	0.869	0.876	0.882	0.888	0.894	0.9	0.906	0.912	0.917	0.923	0.928	0.934	0.939	0.944	0.95	0.955	0.96	0.965	0.97	0.975	0.98	0.984	0.989	0.994
71	79	0.005	0.011	0.017	0.024	0.03	0.036	0.042	0.048	0.055	0.061	0.068	0.074	0.081	0.088	0.094	0.101	0.108	0.115	0.122	0.13	0.137	0.144	0.152	0.16	0.167	0.175	0.183	0.192	0.2	0.209	0.217	0.226	0.236	0.245	0.255	0.265	0.275	0.286	0.298	0.309	0.322	0.335	0.349	0.364	0.38	0.398	0.42	0.446	0.484	0.564	0.601	0.626	0.646	0.663	0.677	0.691	0.703	0.715	0.726	0.736	0.746	0.755	0.764	0.773	0.781	0.789	0.797	0.804	0.812	0.819	0.826	0.832	0.839	0.845	0.851	0.858	0.864	0.87	0.875	0.881	0.887	0.892	0.897	0.903	0.908	0.913	0.918	0.923	0.928	0.933	0.937	0.942	0.947	0.951	0.956	0.96	0.965	0.969	0.974	0.978	0.982	0.986	0.99	0.994
79	83	0.005	0.01	0.015	0.02	0.026	0.031	0.037	0.042	0.048	0.053	0.059	0.065	0.071	0.076	0.082	0.088	0.095	0.101	0.107	0.114	0.12	0.127	0.133	0.14	0.147	0.154	0.161	0.168	0.176	0.183	0.191	0.199	0.207	0.215	0.224	0.233	0.242	0.251	0.26	0.27	0.281	0.291	0.302	0.314	0.326	0.339	0.353	0.368	0.385	0.403	0.423	0.447	0.475	0.509	0.544	0.574	0.599	0.62	0.638	0.654	0.669	0.683	0.695	0.708	0.719	0.73	0.74	0.75	0.76	0.769	0.778	0.786	0.795	0.803	0.81	0.818	0.826	0.833	0.84	0.847	0.854	0.861	0.867	0.874	0.88	0.886	0.892	0.898	0.904	0.91	0.916	0.922	0.927	0.933	0.938	0.944	0.949	0.954	0.959	0.964	0.969	0.974	0.979	0.984	0.989	0.994
80	83	0.008	0.016	0.025	0.033	0.042	0.05	0.059	0.067	0.076	0.085	0.093	0.102	0.111	0.12	0.129	0.138	0.147	0.157	0.166	0.176	0.185	0.195	0.205	0.215	0.226	0.236	0.247	0.258	0.269	0.281	0.293	0.305	0.318	0.331	0.345	0.36	0.376	0.392	0.411	0.432	0.456	0.486	0.537	0.605	0.638	0.661	0.68	0.697	0.711	0.725	0.737	0.748	0.759	0.769	0.778	0.788	0.796	0.805	0.813	0.821	0.828	0.835	0.842	0.849	0.856	0.863	0.869	0.875	0.881	0.887	0.893	0.899	0.904	0.91	0.915	0.92	0.925	0.931	0.936	0.94	0.945	0.95	0.955	0.959	0.964	0.969	0.973	0.977	0.982	0.986	0.99	0.994
77	80	0.009	0.019	0.029	0.039	0.05	0.06	0.071	0.081	0.092	0.103	0.115	0.126	0.138	0.15	0.163	0.175	0.188	0.202	0.216	0.23	0.245	0.261	0.277	0.295	0.313	0.333	0.355	0.38	0.409	0.446	0.514	0.605	0.643	0.671	0.694	0.714	0.732	0.748	0.763	0.777	0.79	0.803	0.815	0.826	0.837	0.847	0.857	0.867	0.876	0.885	0.894	0.903	0.911	0.919	0.927	0.935	0.943	0.95	0.958	0.965	0.972	0.979	0.985	0.992
74	77	0.011	0.023	0.035	0.047	0.059	0.072	0.085	0.098	0.112	0.126	0.14	0.155	0.17	0.186	0.203	0.22	0.239	0.258	0.279	0.302	0.327	0.355	0.388	0.431	0.521	0.615	0.656	0.687	0.713	0.736	0.756	0.775	0.792	0.808	0.823	0.837	0.851	0.864	0.876	0.888	0.9	0.911	0.922	0.932	0.942	0.952	0.962	0.971	0.981	0.99
70	74	0.006	0.012	0.018	0.025	0.031	0.038	0.045	0.052	0.059	0.067	0.074	0.082	0.09	0.098	0.107	0.115	0.124	0.134	0.143	0.153	0.164	0.175	0.187	0.199	0.212	0.225	0.24	0.257	0.274	0.295	0.318	0.348	0.389	0.47	0.531	0.57	0.601	0.628	0.652	0.674	0.695	0.715	0.734	0.752	0.769	0.786	0.803	0.819	0.835	0.85	0.866	0.881	0.896	0.911	0.926	0.94	0.955	0.969	0.984
66	74	0.011	0.023	0.034	0.047	0.059	0.072	0.085	0.098	0.112	0.126	0.141	0.156	0.172	0.188	0.205	0.223	0.242	0.262	0.283	0.306	0.33	0.358	0.388	0.424	0.466	0.516	0.57	0.618	0.657	0.69	0.718	0.744	0.767	0.789	0.809	0.827	0.845	0.862	0.878	0.893	0.908	0.922	0.936	0.949	0.962	0.975	0.987
60	66	0.039	0.107	0.194	0.253	0.3	0.343	0.384	0.425	0.469	0.519	0.587	0.709	0.76	0.793	0.819	0.841	0.86	0.878	0.894	0.908	0.922	0.934	0.946	0.958	0.969	0.979	0.989
66	67	0.01	0.021	0.032	0.044	0.056	0.069	0.082	0.095	0.11	0.125	0.141	0.158	0.176	0.195	0.217	0.24	0.267	0.299	0.338	0.394	0.49	0.568	0.621	0.663	0.7	0.734	0.765	0.794	0.822	0.849	0.875	0.9	0.925	0.95	0.974
60	64	0.049	0.112	0.18	0.243	0.299	0.353	0.407	0.466	0.537	0.692	0.77	0.813	0.846	0.873	0.896	0.917	0.936	0.953	0.969	0.984
57	60	0.012	0.025	0.039	0.053	0.069	0.085	0.103	0.122	0.144	0.168	0.196	0.23	0.274	0.337	0.421	0.495	0.557	0.614	0.672	0.735	0.819	0.937
54	57	0.009	0.019	0.029	0.039	0.05	0.061	0.073	0.084	0.097	0.109	0.123	0.137	0.151	0.167	0.183	0.201	0.22	0.241	0.263	0.289	0.32	0.357	0.407	0.485	0.557	0.607	0.647	0.681	0.712	0.74	0.767	0.791	0.815	0.838	0.86	0.881	0.902	0.922	0.941	0.961	0.98
51	54	0.005	0.011	0.018	0.024	0.03	0.037	0.043	0.05	0.057	0.064	0.071	0.078	0.086	0.094	0.102	0.11	0.118	0.127	0.136	0.145	0.155	0.165	0.175	0.186	0.197	0.209	0.222	0.236	0.25	0.266	0.283	0.303	0.325	0.351	0.384	0.43	0.487	0.533	0.568	0.598	0.624	0.647	0.669	0.689	0.709	0.727	0.745	0.762	0.778	0.795	0.81	0.826	0.841	0.856	0.871	0.885	0.9	0.914	0.928	0.942	0.957	0.971	0.985
51	55	0.006	0.012	0.019	0.025	0.032	0.038	0.045	0.052	0.059	0.066	0.073	0.081	0.088	0.096	0.104	0.112	0.12	0.128	0.136	0.145	0.153	0.162	0.172	0.181	0.191	0.201	0.211	0.222	0.233	0.244	0.256	0.269	0.282	0.296	0.311	0.327	0.345	0.364	0.386	0.412	0.443	0.485	0.535	0.575	0.604	0.629	0.65	0.669	0.686	0.701	0.716	0.729	0.742	0.755	0.766	0.778	0.788	0.799	0.809	0.819	0.828	0.837	0.846	0.855	0.864	0.872	0.88	0.888	0.896	0.904	0.911	0.918	0.926	0.933	0.94	0.947	0.954	0.96	0.967	0.973	0.98	0.986	0.992
55	62	0.005	0.011	0.016	0.022	0.028	0.034	0.04	0.046	0.053	0.059	0.066	0.072	0.079	0.086	0.093	0.101	0.108	0.116	0.123	0.132	0.14	0.148	0.157	0.166	0.176	0.185	0.195	0.206	0.217	0.229	0.241	0.254	0.268	0.284	0.3	0.319	0.34	0.367	0.402	0.482	0.547	0.583	0.61	0.634	0.655	0.674	0.691	0.708	0.723	0.738	0.752	0.766	0.779	0.792	0.804	0.816	0.828	0.839	0.851	0.862	0.872	0.883	0.893	0.903	0.914	0.923	0.933	0.943	0.952	0.962	0.971	0.98	0.989
55	58	0.005	0.011	0.017	0.023	0.029	0.035	0.041	0.048	0.054	0.061	0.067	0.074	0.081	0.088	0.095	0.102	0.109	0.117	0.125	0.132	0.14	0.148	0.157	0.165	0.174	0.183	0.192	0.202	0.212	0.222	0.232	0.243	0.255	0.266	0.279	0.292	0.305	0.32	0.335	0.351	0.369	0.387	0.408	0.43	0.454	0.479	0.506	0.531	0.555	0.578	0.599	0.618	0.636	0.652	0.668	0.683	0.697	0.71	0.723	0.735	0.747	0.758	0.769	0.78	0.79	0.8	0.81	0.819	0.829	0.838	0.846	0.855	0.863	0.872	0.88	0.888	0.895	0.903	0.911	0.918	0.925	0.932	0.939	0.946	0.953	0.96	0.967	0.973	0.98	0.986	0.992
58	61	0.005	0.01	0.015	0.021	0.026	0.032	0.037	0.043	0.049	0.055	0.06	0.067	0.073	0.079	0.085	0.092	0.099	0.105	0.112	0.119	0.127	0.134	0.142	0.149	0.157	0.166	0.174	0.183	0.192	0.201	0.211	0.221	0.231	0.242	0.254	0.266	0.278	0.292	0.306	0.322	0.339	0.358	0.378	0.402	0.428	0.458	0.488	0.518	0.544	0.568	0.59	0.609	0.627	0.644	0.66	0.675	0.69	0.703	0.716	0.729	0.741	0.753	0.764	0.775	0.786	0.796	0.807	0.817	0.826	0.836	0.845	0.855	0.864	0.872	0.881	0.89	0.898	0.907	0.915	0.923	0.931	0.939	0.947	0.954	0.962	0.969	0.977	0.984	0.991
61	75	0.006	0.012	0.018	0.025	0.032	0.039	0.046	0.053	0.06	0.067	0.075	0.083	0.091	0.099	0.108	0.116	0.125	0.135	0.144	0.155	0.165	0.176	0.187	0.2	0.212	0.226	0.24	0.256	0.273	0.292	0.314	0.34	0.371	0.416	0.48	0.531	0.569	0.599	0.626	0.65	0.672	0.693	0.712	0.731	0.749	0.766	0.782	0.798	0.814	0.83	0.845	0.86	0.874	0.888	0.903	0.917	0.931	0.944	0.958	0.972	0.985
61	69	0.006	0.013	0.02	0.028	0.035	0.042	0.05	0.057	0.065	0.073	0.081	0.089	0.098	0.106	0.115	0.124	0.133	0.142	0.152	0.161	0.171	0.182	0.193	0.204	0.215	0.227	0.239	0.252	0.266	0.28	0.295	0.311	0.329	0.347	0.368	0.391	0.418	0.448	0.485	0.524	0.56	0.591	0.617	0.64	0.661	0.68	0.697	0.713	0.729	0.743	0.757	0.77	0.782	0.794	0.806	0.817	0.828	0.838	0.848	0.858	0.868	0.877	0.887	0.896	0.904	0.913	0.921	0.93	0.938	0.946	0.954	0.962	0.969	0.977	0.984	0.991
69	75	0.006	0.012	0.019	0.026	0.033	0.04	0.047	0.055	0.062	0.07	0.078	0.086	0.095	0.103	0.112	0.121	0.131	0.141	0.151	0.162	0.174	0.185	0.198	0.211	0.226	0.241	0.258	0.276	0.298	0.323	0.355	0.403	0.495	0.546	0.581	0.61	0.636	0.659	0.68	0.7	0.719	0.737	0.754	0.771	0.787	0.803	0.818	0.833	0.848	0.862	0.877	0.891	0.905	0.918	0.932	0.945	0.959	0.972	0.985
75	78	0.009	0.018	0.028	0.038	0.048	0.059	0.071	0.083	0.096	0.11	0.125	0.141	0.158	0.178	0.2	0.226	0.258	0.302	0.363	0.425	0.475	0.517	0.555	0.591	0.626	0.661	0.697	0.735	0.778	0.83	0.918
72	75	0.012	0.024	0.037	0.05	0.063	0.077	0.091	0.106	0.122	0.137	0.154	0.171	0.189	0.208	0.229	0.25	0.274	0.299	0.328	0.361	0.4	0.45	0.516	0.581	0.63	0.668	0.7	0.728	0.753	0.776	0.797	0.817	0.836	0.854	0.871	0.887	0.903	0.918	0.932	0.946	0.96	0.973	0.986
78	81	0.031	0.076	0.222	0.312	0.373	0.428	0.484	0.549	0.685	0.773	0.814	0.845	0.87	0.892	0.911	0.928	0.944	0.959	0.973	0.986
81	83	0.051	0.082	0.107	0.129	0.148	0.167	0.184	0.2	0.216	0.232	0.247	0.262	0.277	0.291	0.306	0.32	0.335	0.35	0.365	0.38	0.396	0.412	0.429	0.446	0.465	0.486	0.509	0.536	0.574	0.66	0.697	0.721	0.739	0.755	0.769	0.781	0.792	0.803	0.812	0.821	0.83	0.838	0.846	0.854	0.861	0.868	0.875	0.881	0.888	0.894	0.9	0.905	0.911	0.917	0.922	0.927	0.932	0.937	0.942	0.947	0.952	0.956	0.961	0.965	0.97	0.974	0.978	0.982	0.987	0.991	0.995
60	67	0.035	0.073	0.115	0.158	0.202	0.246	0.291	0.336	0.383	0.432	0.488	0.558	0.708	0.79	0.835	0.869	0.898	0.922	0.944	0.963	0.982
67	74	0.023	0.047	0.071	0.095	0.12	0.145	0.171	0.198	0.225	0.254	0.284	0.317	0.353	0.393	0.441	0.505	0.603	0.673	0.718	0.753	0.782	0.807	0.83	0.85	0.869	0.887	0.903	0.919	0.934	0.948	0.961	0.974	0.987
67	68	0.016	0.034	0.053	0.074	0.097	0.123	0.152	0.187	0.229	0.284	0.358	0.44	0.513	0.581	0.649	0.726	0.857
60	68	0.031	0.063	0.095	0.126	0.158	0.19	0.223	0.256	0.289	0.324	0.359	0.395	0.433	0.473	0.515	0.561	0.611	0.669	0.742	0.856
68	74	0.026	0.058	0.1	0.153	0.209	0.258	0.301	0.341	0.379	0.418	0.457	0.5	0.551	0.626	0.722	0.768	0.799	0.824	0.845	0.864	0.881	0.896	0.91	0.923	0.936	0.948	0.959	0.969	0.979	0.989
82	83	0.032	0.058	0.082	0.104	0.124	0.142	0.16	0.177	0.194	0.21	0.226	0.242	0.258	0.273	0.289	0.304	0.32	0.336	0.352	0.369	0.386	0.404	0.423	0.442	0.464	0.488	0.517	0.556	0.654	0.692	0.716	0.735	0.751	0.766	0.779	0.79	0.801	0.811	0.821	0.83	0.839	0.847	0.855	0.863	0.87	0.877	0.884	0.89	0.897	0.903	0.909	0.915	0.921	0.926	0.932	0.937	0.943	0.948	0.953	0.958	0.963	0.967	0.972	0.977	0.981	0.986	0.99	0.994
63	77	0.006	0.013	0.02	0.027	0.034	0.041	0.049	0.057	0.065	0.073	0.081	0.089	0.098	0.107	0.116	0.125	0.135	0.145	0.155	0.166	0.177	0.189	0.201	0.214	0.227	0.241	0.256	0.272	0.289	0.307	0.327	0.348	0.371	0.396	0.422	0.45	0.478	0.507	0.534	0.56	0.584	0.608	0.63	0.651	0.671	0.691	0.71	0.728	0.746	0.764	0.781	0.797	0.814	0.83	0.846	0.862	0.877	0.893	0.908	0.923	0.938	0.953	0.968	0.983
57	72	0.015	0.031	0.048	0.065	0.082	0.099	0.117	0.135	0.154	0.174	0.194	0.214	0.236	0.258	0.282	0.306	0.332	0.36	0.39	0.422	0.457	0.495	0.535	0.577	0.617	0.654	0.687	0.717	0.744	0.769	0.792	0.814	0.833	0.852	0.87	0.887	0.903	0.918	0.933	0.947	0.96	0.973	0.986
51	52	0.005	0.01	0.015	0.021	0.026	0.032	0.038	0.044	0.05	0.057	0.063	0.07	0.077	0.084	0.092	0.1	0.108	0.116	0.125	0.135	0.145	0.156	0.167	0.18	0.194	0.209	0.227	0.249	0.279	0.346	0.425	0.462	0.492	0.518	0.543	0.566	0.588	0.61	0.632	0.654	0.677	0.7	0.726	0.753	0.786	0.832	0.939	0.975
51	53	0.005	0.011	0.018	0.024	0.031	0.037	0.044	0.051	0.059	0.066	0.074	0.082	0.09	0.099	0.108	0.118	0.128	0.139	0.15	0.162	0.175	0.189	0.205	0.222	0.242	0.267	0.298	0.343	0.399	0.443	0.478	0.508	0.535	0.56	0.584	0.606	0.629	0.651	0.672	0.694	0.717	0.74	0.763	0.789	0.816	0.847	0.883	0.933
53	56	0.011	0.023	0.036	0.05	0.065	0.081	0.099	0.121	0.146	0.178	0.226	0.319	0.383	0.429	0.469	0.507	0.544	0.581	0.62	0.663	0.713	0.771	0.823	0.861	0.89	0.914	0.935	0.953	0.969	0.985
56	59	0.061	0.099	0.13	0.158	0.183	0.206	0.229	0.25	0.272	0.293	0.314	0.335	0.356	0.378	0.401	0.424	0.45	0.478	0.509	0.55	0.624	0.692	0.726	0.75	0.771	0.788	0.804	0.818	0.83	0.842	0.854	0.864	0.874	0.884	0.893	0.902	0.91	0.918	0.926	0.934	0.941	0.948	0.955	0.962	0.968	0.974	0.981	0.987	0.993
59	65	0.009	0.018	0.027	0.036	0.046	0.055	0.064	0.074	0.083	0.093	0.103	0.112	0.122	0.132	0.142	0.152	0.163	0.173	0.184	0.194	0.205	0.216	0.228	0.239	0.251	0.263	0.276	0.289	0.302	0.316	0.331	0.346	0.362	0.38	0.399	0.42	0.444	0.474	0.517	0.585	0.625	0.651	0.672	0.69	0.706	0.72	0.734	0.746	0.757	0.768	0.778	0.787	0.797	0.805	0.814	0.822	0.83	0.837	0.845	0.852	0.859	0.866	0.872	0.879	0.885	0.891	0.897	0.903	0.909	0.915	0.92	0.926	0.931	0.937	0.942	0.947	0.952	0.957	0.962	0.967	0.971	0.976	0.981	0.985	0.99	0.994
59	73	0.007	0.015	0.024	0.032	0.04	0.048	0.056	0.065	0.073	0.081	0.09	0.099	0.107	0.116	0.125	0.134	0.143	0.152	0.161	0.171	0.18	0.19	0.2	0.21	0.221	0.231	0.242	0.253	0.265	0.276	0.289	0.301	0.314	0.328	0.343	0.358	0.375	0.393	0.413	0.437	0.466	0.514	0.599	0.632	0.656	0.675	0.691	0.706	0.719	0.732	0.743	0.754	0.764	0.774	0.783	0.792	0.801	0.809	0.817	0.824	0.832	0.839	0.846	0.853	0.86	0.866	0.872	0.879	0.885	0.89	0.896	0.902	0.908	0.913	0.918	0.924	0.929	0.934	0.939	0.944	0.949	0.954	0.958	0.963	0.968	0.972	0.977	0.981	0.986	0.99	0.994
59	63	0.007	0.015	0.023	0.032	0.04	0.048	0.057	0.065	0.074	0.083	0.092	0.101	0.111	0.12	0.13	0.14	0.15	0.16	0.171	0.182	0.193	0.205	0.217	0.229	0.242	0.255	0.269	0.283	0.298	0.315	0.332	0.351	0.372	0.395	0.423	0.459	0.513	0.576	0.615	0.644	0.668	0.688	0.706	0.722	0.737	0.752	0.765	0.777	0.789	0.8	0.811	0.822	0.832	0.842	0.851	0.86	0.869	0.878	0.886	0.894	0.902	0.91	0.917	0.925	0.932	0.939	0.946	0.953	0.96	0.967	0.973	0.98	0.986	0.992
65	73	0.004	0.009	0.014	0.019	0.024	0.029	0.034	0.039	0.045	0.05	0.055	0.061	0.066	0.072	0.077	0.083	0.089	0.095	0.101	0.107	0.113	0.119	0.125	0.132	0.138	0.145	0.152	0.159	0.166	0.173	0.18	0.188	0.195	0.203	0.211	0.22	0.228	0.237	0.246	0.256	0.266	0.276	0.287	0.298	0.31	0.323	0.336	0.351	0.368	0.386	0.408	0.435	0.474	0.533	0.571	0.598	0.619	0.637	0.653	0.668	0.682	0.694	0.706	0.717	0.728	0.738	0.748	0.758	0.767	0.776	0.784	0.792	0.801	0.808	0.816	0.824	0.831	0.838	0.845	0.852	0.859	0.865	0.872	0.878	0.885	0.891	0.897	0.903	0.909	0.915	0.92	0.926	0.932	0.937	0.942	0.948	0.953	0.958	0.964	0.969	0.974	0.979	0.984	0.989	0.994
73	76	0.004	0.009	0.014	0.019	0.024	0.029	0.034	0.039	0.044	0.049	0.054	0.059	0.065	0.07	0.076	0.081	0.087	0.092	0.098	0.104	0.11	0.116	0.122	0.128	0.134	0.14	0.147	0.153	0.16	0.166	0.173	0.18	0.187	0.195	0.202	0.21	0.217	0.225	0.233	0.242	0.25	0.259	0.269	0.278	0.288	0.299	0.309	0.321	0.333	0.346	0.36	0.375	0.392	0.412	0.435	0.468	0.525	0.571	0.599	0.62	0.638	0.654	0.668	0.681	0.693	0.705	0.716	0.726	0.735	0.745	0.754	0.762	0.77	0.779	0.786	0.794	0.801	0.808	0.815	0.822	0.829	0.835	0.842	0.848	0.854	0.86	0.866	0.872	0.878	0.883	0.889	0.894	0.9	0.905	0.91	0.915	0.921	0.926	0.931	0.935	0.94	0.945	0.95	0.954	0.959	0.964	0.968	0.973	0.977	0.981	0.986	0.99	0.994
76	79	0.005	0.01	0.015	0.02	0.026	0.031	0.037	0.042	0.048	0.053	0.059	0.065	0.07	0.076	0.082	0.088	0.094	0.101	0.107	0.113	0.12	0.126	0.133	0.14	0.146	0.153	0.16	0.168	0.175	0.183	0.19	0.198	0.206	0.214	0.223	0.231	0.24	0.249	0.259	0.268	0.278	0.289	0.3	0.311	0.323	0.335	0.349	0.363	0.378	0.395	0.414	0.435	0.46	0.489	0.523	0.556	0.583	0.606	0.626	0.644	0.66	0.674	0.688	0.7	0.712	0.723	0.734	0.744	0.754	0.763	0.772	0.781	0.789	0.797	0.805	0.813	0.821	0.828	0.835	0.842	0.849	0.856	0.863	0.869	0.876	0.882	0.888	0.894	0.9	0.906	0.912	0.917	0.923	0.928	0.934	0.939	0.944	0.95	0.955	0.96	0.965	0.97	0.975	0.98	0.984	0.989	0.994
71	79	0.005	0.011	0.017	0.024	0.03	0.036	0.042	0.048	0.055	0.061	0.068	0.074	0.081	0.088	0.094	0.101	0.108	0.115	0.122	0.13	0.137	0.144	0.152	0.16	0.167	0.175	0.183	0.192	0.2	0.209	0.217	0.226	0.236	0.245	0.255	0.265	0.275	0.286	0.298	0.309	0.322	0.335	0.349	0.364	0.38	0.398	0.42	0.446	0.484	0.564	0.601	0.626	0.646	0.663	0.677	0.691	0.703	0.715	0.726	0.736	0.746	0.755	0.764	0.773	0.781	0.789	0.797	0.804	0.812	0.819	0.826	0.832	0.839	0.845	0.851	0.858	0.864	0.87	0.875	0.881	0.887	0.892	0.897	0.903	0.908	0.913	0.918	0.923	0.928	0.933	0.937	0.942	0.947	0.951	0.956	0.96	0.965	0.969	0.974	0.978	0.982	0.986	0.99	0.994
79	83	0.005	0.01	0.015	0.02	0.026	0.031	0.037	0.042	0.048	0.053	0.059	0.065	0.071	0.076	0.082	0.088	0.095	0.101	0.107	0.114	0.12	0.127	0.133	0.14	0.147	0.154	0.161	0.168	0.176	0.183	0.191	0.199	0.207	0.215	0.224	0.233	0.242	0.251	0.26	0.27	0.281	0.291	0.302	0.314	0.326	0.339	0.353	0.368	0.385	0.403	0.423	0.447	0.475	0.509	0.544	0.574	0.599	0.62	0.638	0.654	0.669	0.683	0.695	0.708	0.719	0.73	0.74	0.75	0.76	0.769	0.778	0.786	0.795	0.803	0.81	0.818	0.826	0.833	0.84	0.847	0.854	0.861	0.867	0.874	0.88	0.886	0.892	0.898	0.904	0.91	0.916	0.922	0.927	0.933	0.938	0.944	0.949	0.954	0.959	0.964	0.969	0.974	0.979	0.984	0.989	0.994
80	83	0.008	0.016	0.025	0.033	0.042	0.05	0.059	0.067	0.076	0.085	0.093	0.102	0.111	0.12	0.129	0.138	0.147	0.157	0.166	0.176	0.185	0.195	0.205	0.215	0.226	0.236	0.247	0.258	0.269	0.281	0.293	0.305	0.318	0.331	0.345	0.36	0.376	0.392	0.411	0.432	0.456	0.486	0.537	0.605	0.638	0.661	0.68	0.697	0.711	0.725	0.737	0.748	0.759	0.769	0.778	0.788	0.796	0.805	0.813	0.821	0.828	0.835	0.842	0.849	0.856	0.863	0.869	0.875	0.881	0.887	0.893	0.899	0.904	0.91	0.915	0.92	0.925	0.931	0.936	0.94	0.945	0.95	0.955	0.959	0.964	0.969	0.973	0.977	0.982	0.986	0.99	0.994
77	80	0.009	0.019	0.029	0.039	0.05	0.06	0.071	0.081	0.092	0.103	0.115	0.126	0.138	0.15	0.163	0.175	0.188	0.202	0.216	0.23	0.245	0.261	0.277	0.295	0.313	0.333	0.355	0.38	0.409	0.446	0.514	0.605	0.643	0.671	0.694	0.714	0.732	0.748	0.763	0.777	0.79	0.803	0.815	0.826	0.837	0.847	0.857	0.867	0.876	0.885	0.894	0.903	0.911	0.919	0.927	0.935	0.943	0.95	0.958	0.965	0.972	0.979	0.985	0.992
74	77	0.011	0.023	0.035	0.047	0.059	0.072	0.085	0.098	0.112	0.126	0.14	0.155	0.17	0.186	0.203	0.22	0.239	0.258	0.279	0.302	0.327	0.355	0.388	0.431	0.521	0.615	0.656	0.687	0.713	0.736	0.756	0.775	0.792	0.808	0.823	0.837	0.851	0.864	0.876	0.888	0.9	0.911	0.922	0.932	0.942	0.952	0.962	0.971	0.981	0.99
70	74	0.006	0.012	0.018	0.025	0.031	0.038	0.045	0.052	0.059	0.067	0.074	0.082	0.09	0.098	0.107	0.115	0.124	0.134	0.143	0.153	0.164	0.175	0.187	0.199	0.212	0.225	0.24	0.257	0.274	0.295	0.318	0.348	0.389	0.47	0.531	0.57	0.601	0.628	0.652	0.674	0.695	0.715	0.734	0.752	0.769	0.786	0.803	0.819	0.835	0.85	0.866	0.881	0.896	0.911	0.926	0.94	0.955	0.969	0.984
66	74	0.011	0.023	0.034	0.047	0.059	0.072	0.085	0.098	0.112	0.126	0.141	0.156	0.172	0.188	0.205	0.223	0.242	0.262	0.283	0.306	0.33	0.358	0.388	0.424	0.466	0.516	0.57	0.618	0.657	0.69	0.718	0.744	0.767	0.789	0.809	0.827	0.845	0.862	0.878	0.893	0.908	0.922	0.936	0.949	0.962	0.975	0.987
60	66	0.039	0.107	0.194	0.253	0.3	0.343	0.384	0.425	0.469	0.519	0.587	0.709	0.76	0.793	0.819	0.841	0.86	0.878	0.894	0.908	0.922	0.934	0.946	0.958	0.969	0.979	0.989
66	67	0.01	0.021	0.032	0.044	0.056	0.069	0.082	0.095	0.11	0.125	0.141	0.158	0.176	0.195	0.217	0.24	0.267	0.299	0.338	0.394	0.49	0.568	0.621	0.663	0.7	0.734	0.765	0.794	0.822	0.849	0.875	0.9	0.925	0.95	0.974
60	64	0.049	0.112	0.18	0.243	0.299	0.353	0.407	0.466	0.537	0.692	0.77	0.813	0.846	0.873	0.896	0.917	0.936	0.953	0.969	0.984
57	60	0.012	0.025	0.039	0.053	0.069	0.085	0.103	0.122	0.144	0.168	0.196	0.23	0.274	0.337	0.421	0.495	0.557	0.614	0.672	0.735	0.819	0.937
54	57	0.009	0.019	0.029	0.039	0.05	0.061	0.073	0.084	0.097	0.109	0.123	0.137	0.151	0.167	0.183	0.201	0.22	0.241	0.263	0.289	0.32	0.357	0.407	0.485	0.557	0.607	0.647	0.681	0.712	0.74	0.767	0.791	0.815	0.838	0.86	0.881	0.902	0.922	0.941	0.961	0.98
51	54	0.005	0.011	0.018	0.024	0.03	0.037	0.043	0.05	0.057	0.064	0.071	0.078	0.086	0.094	0.102	0.11	0.118	0.127	0.136	0.145	0.155	0.165	0.175	0.186	0.197	0.209	0.222	0.236	0.25	0.266	0.283	0.303	0.325	0.351	0.384	0.43	0.487	0.533	0.568	0.598	0.624	0.647	0.669	0.689	0.709	0.727	0.745	0.762	0.778	0.795	0.81	0.826	0.841	0.856	0.871	0.885	0.9	0.914	0.928	0.942	0.957	0.971	0.985
51	55	0.006	0.012	0.019	0.025	0.032	0.038	0.045	0.052	0.059	0.066	0.073	0.081	0.088	0.096	0.104	0.112	0.12	0.128	0.136	0.145	0.153	0.162	0.172	0.181	0.191	0.201	0.211	0.222	0.233	0.244	0.256	0.269	0.282	0.296	0.311	0.327	0.345	0.364	0.386	0.412	0.443	0.485	0.535	0.575	0.604	0.629	0.65	0.669	0.686	0.701	0.716	0.729	0.742	0.755	0.766	0.778	0.788	0.799	0.809	0.819	0.828	0.837	0.846	0.855	0.864	0.872	0.88	0.888	0.896	0.904	0.911	0.918	0.926	0.933	0.94	0.947	0.954	0.96	0.967	0.973	0.98	0.986	0.992
55	62	0.005	0.011	0.016	0.022	0.028	0.034	0.04	0.046	0.053	0.059	0.066	0.072	0.079	0.086	0.093	0.101	0.108	0.116	0.123	0.132	0.14	0.148	0.157	0.166	0.176	0.185	0.195	0.206	0.217	0.229	0.241	0.254	0.268	0.284	0.3	0.319	0.34	0.367	0.402	0.482	0.547	0.583	0.61	0.634	0.655	0.674	0.691	0.708	0.723	0.738	0.752	0.766	0.779	0.792	0.804	0.816	0.828	0.839	0.851	0.862	0.872	0.883	0.893	0.903	0.914	0.923	0.933	0.943	0.952	0.962	0.971	0.98	0.989
55	58	0.005	0.011	0.017	0.023	0.029	0.035	0.041	0.048	0.054	0.061	0.067	0.074	0.081	0.088	0.095	0.102	0.109	0.117	0.125	0.132	0.14	0.148	0.157	0.165	0.174	0.183	0.192	0.202	0.212	0.222	0.232	0.243	0.255	0.266	0.279	0.292	0.305	0.32	0.335	0.351	0.369	0.387	0.408	0.43	0.454	0.479	0.506	0.531	0.555	0.578	0.599	0.618	0.636	0.652	0.668	0.683	0.697	0.71	0.723	0.735	0.747	0.758	0.769	0.78	0.79	0.8	0.81	0.819	0.829	0.838	0.846	0.855	0.863	0.872	0.88	0.888	0.895	0.903	0.911	0.918	0.925	0.932	0.939	0.946	0.953	0.96	0.967	0.973	0.98	0.986	0.992
58	61	0.005	0.01	0.015	0.021	0.026	0.032	0.037	0.043	0.049	0.055	0.06	0.067	0.073	0.079	0.085	0.092	0.099	0.105	0.112	0.119	0.127	0.134	0.142	0.149	0.157	0.166	0.174	0.183	0.192	0.201	0.211	0.221	0.231	0.242	0.254	0.266	0.278	0.292	0.306	0.322	0.339	0.358	0.378	0.402	0.428	0.458	0.488	0.518	0.544	0.568	0.59	0.609	0.627	0.644	0.66	0.675	0.69	0.703	0.716	0.729	0.741	0.753	0.764	0.775	0.786	0.796	0.807	0.817	0.826	0.836	0.845	0.855	0.864	0.872	0.881	0.89	0.898	0.907	0.915	0.923	0.931	0.939	0.947	0.954	0.962	0.969	0.977	0.984	0.991
61	75	0.006	0.012	0.018	0.025	0.032	0.039	0.046	0.053	0.06	0.067	0.075	0.083	0.091	0.099	0.108	0.116	0.125	0.135	0.144	0.155	0.165	0.176	0.187	0.2	0.212	0.226	0.24	0.256	0.273	0.292	0.314	0.34	0.371	0.416	0.48	0.531	0.569	0.599	0.626	0.65	0.672	0.693	0.712	0.731	0.749	0.766	0.782	0.798	0.814	0.83	0.845	0.86	0.874	0.888	0.903	0.917	0.931	0.944	0.958	0.972	0.985
61	69	0.006	0.013	0.02	0.028	0.035	0.042	0.05	0.057	0.065	0.073	0.081	0.089	0.098	0.106	0.115	0.124	0.133	0.142	0.152	0.161	0.171	0.182	0.193	0.204	0.215	0.227	0.239	0.252	0.266	0.28	0.295	0.311	0.329	0.347	0.368	0.391	0.418	0.448	0.485	0.524	0.56	0.591	0.617	0.64	0.661	0.68	0.697	0.713	0.729	0.743	0.757	0.77	0.782	0.794	0.806	0.817	0.828	0.838	0.848	0.858	0.868	0.877	0.887	0.896	0.904	0.913	0.921	0.93	0.938	0.946	0.954	0.962	0.969	0.977	0.984	0.991
69	75	0.006	0.012	0.019	0.026	0.033	0.04	0.047	0.055	0.062	0.07	0.078	0.086	0.095	0.103	0.112	0.121	0.131	0.141	0.151	0.162	0.174	0.185	0.198	0.211	0.226	0.241	0.258	0.276	0.298	0.323	0.355	0.403	0.495	0.546	0.581	0.61	0.636	0.659	0.68	0.7	0.719	0.737	0.754	0.771	0.787	0.803	0.818	0.833	0.848	0.862	0.877	0.891	0.905	0.918	0.932	0.945	0.959	0.972	0.985
75	78	0.009	0.018	0.028	0.038	0.048	0.059	0.071	0.083	0.096	0.11	0.125	0.141	0.158	0.178	0.2	0.226	0.258	0.302	0.363	0.425	0.475	0.517	0.555	0.591	0.626	0.661	0.697	0.735	0.778	0.83	0.918
72	75	0.012	0.024	0.037	0.05	0.063	0.077	0.091	0.106	0.122	0.137	0.154	0.171	0.189	0.208	0.229	0.25	0.274	0.299	0.328	0.361	0.4	0.45	0.516	0.581	0.63	0.668	0.7	0.728	0.753	0.776	0.797	0.817	0.836	0.854	0.871	0.887	0.903	0.918	0.932	0.946	0.96	0.973	0.986
78	81	0.031	0.076	0.222	0.312	0.373	0.428	0.484	0.549	0.685	0.773	0.814	0.845	0.87	0.892	0.911	0.928	0.944	0.959	0.973	0.986
81	83	0.051	0.082	0.107	0.129	0.148	0.167	0.184	0.2	0.216	0.232	0.247	0.262	0.277	0.291	0.306	0.32	0.335	0.35	0.365	0.38	0.396	0.412	0.429	0.446	0.465	0.486	0.509	0.536	0.574	0.66	0.697	0.721	0.739	0.755	0.769	0.781	0.792	0.803	0.812	0.821	0.83	0.838	0.846	0.854	0.861	0.868	0.875	0.881	0.888	0.894	0.9	0.905	0.911	0.917	0.922	0.927	0.932	0.937	0.942	0.947	0.952	0.956	0.961	0.965	0.97	0.974	0.978	0.982	0.987	0.991	0.995
60	67	0.035	0.073	0.115	0.158	0.202	0.246	0.291	0.336	0.383	0.432	0.488	0.558	0.708	0.79	0.835	0.869	0.898	0.922	0.944	0.963	0.982
67	74	0.023	0.047	0.071	0.095	0.12	0.145	0.171	0.198	0.225	0.254	0.284	0.317	0.353	0.393	0.441	0.505	0.603	0.673	0.718	0.753	0.782	0.807	0.83	0.85	0.869	0.887	0.903	0.919	0.934	0.948	0.961	0.974	0.987
67	68	0.016	0.034	0.053	0.074	0.097	0.123	0.152	0.187	0.229	0.284	0.358	0.44	0.513	0.581	0.649	0.726	0.857
60	68	0.031	0.063	0.095	0.126	0.158	0.19	0.223	0.256	0.289	0.324	0.359	0.395	0.433	0.473	0.515	0.561	0.611	0.669	0.742	0.856
68	74	0.026	0.058	0.1	0.153	0.209	0.258	0.301	0.341	0.379	0.418	0.457	0.5	0.551	0.626	0.722	0.768	0.799	0.824	0.845	0.864	0.881	0.896	0.91	0.923	0.936	0.948	0.959	0.969	0.979	0.989
82	83	0.032	0.058	0.082	0.104	0.124	0.142	0.16	0.177	0.194	0.21	0.226	0.242	0.258	0.273	0.289	0.304	0.32	0.336	0.352	0.369	0.386	0.404	0.423	0.442	0.464	0.488	0.517	0.556	0.654	0.692	0.716	0.735	0.751	0.766	0.779	0.79	0.801	0.811	0.821	0.83	0.839	0.847	0.855	0.863	0.87	0.877	0.884	0.89	0.897	0.903	0.909	0.915	0.921	0.926	0.932	0.937	0.943	0.948	0.953	0.958	0.963	0.967	0.972	0.977	0.981	0.986	0.99	0.994
63	77	0.019	0.038	0.058	0.079	0.1	0.121	0.143	0.166	0.189	0.212	0.237	0.261	0.287	0.312	0.339	0.366	0.393	0.421	0.449	0.478	0.507	0.537	0.566	0.596	0.626	0.656	0.686	0.716	0.745	0.775	0.804	0.832	0.861	0.889	0.917	0.945	0.972
57	72	0.034	0.07	0.107	0.144	0.183	0.222	0.262	0.302	0.343	0.385	0.426	0.467	0.509	0.549	0.59	0.629	0.668	0.705	0.742	0.778	0.812	0.846	0.878	0.91	0.94	0.97
51	52	0.029	0.06	0.092	0.125	0.159	0.195	0.233	0.272	0.313	0.358	0.405	0.457	0.513	0.577	0.651	0.737	0.833	0.923
51	53	0.031	0.065	0.101	0.14	0.18	0.221	0.263	0.305	0.347	0.388	0.43	0.472	0.515	0.559	0.605	0.655	0.712	0.78	0.885
53	56	0.033	0.07	0.111	0.157	0.208	0.265	0.325	0.389	0.455	0.521	0.59	0.663	0.745	0.845
56	59	0.048	0.097	0.146	0.193	0.239	0.284	0.329	0.374	0.42	0.467	0.517	0.571	0.633	0.712	0.91
59	65	0.058	0.116	0.173	0.23	0.288	0.348	0.409	0.473	0.542	0.617	0.705	0.819
59	73	0.031	0.065	0.102	0.141	0.185	0.232	0.286	0.347	0.42	0.508	0.621	0.757	0.889
59	63	0.09	0.17	0.244	0.315	0.384	0.452	0.518	0.583	0.646	0.707	0.764	0.819	0.869	0.915	0.958
65	73	0.043	0.09	0.139	0.192	0.248	0.307	0.37	0.435	0.501	0.566	0.629	0.69	0.748	0.804	0.856	0.906	0.953
73	76	0.054	0.109	0.166	0.225	0.286	0.351	0.417	0.486	0.556	0.624	0.687	0.745	0.797	0.845	0.888	0.928	0.964
76	79	0.112	0.174	0.223	0.266	0.306	0.344	0.38	0.415	0.45	0.484	0.519	0.553	0.588	0.624	0.66	0.698	0.737	0.777	0.818	0.858	0.897	0.934	0.968
71	79	0.041	0.085	0.13	0.179	0.23	0.285	0.346	0.416	0.5	0.623	0.833	0.933
79	83	0.055	0.105	0.151	0.194	0.235	0.274	0.313	0.35	0.387	0.423	0.459	0.494	0.529	0.564	0.599	0.634	0.668	0.703	0.738	0.772	0.806	0.84	0.873	0.905	0.937	0.968
80	83	0.027	0.056	0.086	0.117	0.15	0.184	0.221	0.26	0.302	0.347	0.396	0.451	0.514	0.589	0.687	0.837
77	80	0.044	0.092	0.146	0.206	0.276	0.36	0.468	0.619	0.779	0.902
74	77	0.038	0.08	0.127	0.179	0.239	0.312	0.41	0.565	0.737	0.847	0.93
70	74	0.083	0.191	0.32	0.439	0.535	0.615	0.685	0.748	0.805	0.858	0.907	0.954
66	74	0.034	0.07	0.107	0.144	0.183	0.223	0.265	0.309	0.354	0.401	0.451	0.502	0.555	0.609	0.663	0.715	0.764	0.81	0.853	0.893	0.931	0.966
60	66	0.037	0.076	0.118	0.162	0.209	0.26	0.316	0.379	0.452	0.547	0.774	0.924
66	67	0.087	0.195	0.334	0.475	0.585	0.672	0.743	0.805	0.86	0.91	0.956
60	64	0.142	0.38	0.52	0.615	0.691	0.755	0.813	0.865	0.912	0.957
57	60	0.038	0.079	0.123	0.169	0.219	0.274	0.336	0.407	0.495	0.618	0.787	0.911
54	57	0.039	0.081	0.127	0.177	0.232	0.293	0.363	0.444	0.539	0.644	0.749	0.842	0.925
51	54	0.028	0.058	0.089	0.121	0.155	0.191	0.228	0.268	0.311	0.357	0.407	0.463	0.525	0.596	0.68	0.78	0.891
51	55	0.097	0.174	0.242	0.304	0.362	0.417	0.47	0.522	0.573	0.624	0.674	0.725	0.777	0.83	0.884	0.94
55	62	0.049	0.101	0.157	0.218	0.287	0.365	0.461	0.589	0.739	0.851	0.933
55	58	0.098	0.174	0.222	0.262	0.297	0.329	0.359	0.387	0.415	0.442	0.469	0.495	0.522	0.548	0.575	0.603	0.632	0.662	0.693	0.727	0.763	0.803	0.847	0.891	0.932	0.968
58	61	0.061	0.173	0.244	0.295	0.337	0.375	0.41	0.443	0.475	0.506	0.537	0.568	0.599	0.63	0.663	0.696	0.732	0.77	0.813	0.862	0.925
61	75	0.048	0.099	0.153	0.208	0.265	0.325	0.387	0.453	0.522	0.596	0.676	0.767	0.872
61	69	0.093	0.158	0.212	0.261	0.306	0.349	0.391	0.431	0.471	0.51	0.549	0.589	0.63	0.672	0.715	0.761	0.811	0.865	0.927
69	75	0.035	0.073	0.114	0.158	0.205	0.258	0.316	0.381	0.455	0.539	0.632	0.732	0.828	0.918
75	78	0.055	0.11	0.165	0.218	0.271	0.324	0.378	0.433	0.491	0.552	0.62	0.698	0.797	0.912
72	75	0.048	0.1	0.154	0.211	0.272	0.337	0.406	0.477	0.548	0.617	0.68	0.738	0.791	0.839	0.884	0.925	0.963
78	81	0.03	0.063	0.098	0.137	0.179	0.227	0.283	0.349	0.438	0.594	0.854
81	83	0.025	0.052	0.079	0.107	0.136	0.165	0.194	0.225	0.255	0.287	0.319	0.352	0.387	0.423	0.461	0.501	0.546	0.596	0.657	0.744	0.851	0.917	0.962
60	67	0.044	0.09	0.139	0.19	0.244	0.301	0.363	0.431	0.507	0.598	0.714	0.871
67	74	0.05	0.105	0.165	0.231	0.303	0.383	0.469	0.561	0.654	0.746	0.835	0.919
67	68	0.082	0.182	0.301	0.421	0.523	0.609	0.683	0.748	0.806	0.86	0.909	0.955
60	68	0.055	0.107	0.156	0.203	0.248	0.292	0.336	0.379	0.422	0.466	0.51	0.555	0.602	0.65	0.702	0.757	0.82	0.895
68	74	0.055	0.111	0.168	0.227	0.287	0.35	0.418	0.494	0.584	0.712	0.901
82	83	0.021	0.044	0.069	0.095	0.123	0.154	0.187	0.223	0.262	0.304	0.35	0.4	0.454	0.513	0.58	0.662	0.785	0.892	0.954
