49	50	458	535	481	556	495	597	537	640	496	662	417	699	363	725	409	749	371	775
46	47	214	245	213	279	265	317	319	340	387	352	452	329
47	49	493	328	491	380	464	419	431	460
47	48	635	274	686	286	738	310	791	313
59	64	1135	1083	1176	1085	1241	1082	1301	1080	1371	1074	1436	1054
63	64	1572	855	1606	873	1638	903	1646	948	1613	972	1559	994
64	65	1579	984	1625	964	1665	939	1709	916	1741	887
62	66	1720	362	1723	415	1751	448	1783	476	1801	514	1788	565
52	56	877	572	847	584	878	605	908	623	882	637	850	654	874	668	914	686
56	57	989	753	1039	778	1089	780	1137	763	1178	734
52	55	931	544	963	521	990	534	1021	550	1083	535	1145	521
55	57	1251	572	1278	614	1290	635	1248	664	1227	676
57	60 	1155	770	1154	811	1171	858
58	60	747	966	782	992	839	1002	899	990	955	964	1000	940	1078	929	1155	931	
59	60	1109	1037	1132	1018	1175	998	1201	967
60	63	1293	895	1344	875	1372	858	1413	857	1467	846
60	61	1197	877	1205	846	1240	797	1263	782	1343	745	1395	714	1445	686	1476	656
50	58	405	856	475	885	507	906	544	889	565	876	611	905	666	924
50	51	411	814	438	801	482	771	581	734
51	52	743	665	825	610
52	53	950	529	1005	496	1080	455
48	52	835	323	869	351	930	375	955	410	889	433	854	467	890	484	939	511
52	67	835	589	761	557	706	524
49	67	457	534	534	554	601	515
48	54	943	280	1026	269	1106	268	1151	254	1221	277	1298	317
53	54	1188	376	1241	344	1277	317	1305	325
54	61	1398	380	1448	407	1468	422	1447	459	1429	486	1477	536
58	59	760	978	814	1016	880	1034	928	1045	994	1050	1035	1062
61	63	1504	657	1524	696	1545	728	1560	758	1550	794
65	66	1774	864	1801	830	1790	774	1771	740	1762	683