49	50	0.012	0.025	0.04	0.056	0.073	0.094	0.118	0.15	0.201	0.29	0.346	0.388	0.425	0.459	0.493	0.526	0.561	0.6	0.647	0.735	0.818	0.853	0.879	0.901	0.919	0.935	0.95	0.963	0.976	0.987
46	47	0.012	0.025	0.04	0.056	0.074	0.095	0.121	0.156	0.219	0.3	0.348	0.387	0.422	0.455	0.487	0.52	0.554	0.591	0.636	0.704	0.78	0.819	0.847	0.869	0.888	0.904	0.919	0.933	0.946	0.958	0.969	0.979	0.989
47	49	0.056	0.12	0.193	0.278	0.377	0.492	0.616	0.734	0.837	0.924
47	48	0.053	0.113	0.177	0.249	0.328	0.415	0.512	0.617	0.727	0.83	0.921
63	64	0.016	0.035	0.055	0.079	0.106	0.139	0.185	0.263	0.361	0.429	0.488	0.545	0.605	0.68	0.776	0.84	0.881	0.912	0.938	0.96	0.98
64	65	0.067	0.136	0.208	0.282	0.36	0.442	0.53	0.624	0.729	0.85
62	66	0.096	0.189	0.279	0.366	0.452	0.538	0.625	0.712	0.796	0.872	0.94
52	56	0.026	0.058	0.098	0.159	0.324	0.421	0.499	0.579	0.705	0.832	0.884	0.921	0.951	0.976
56	57	0.094	0.189	0.277	0.36	0.439	0.518	0.598	0.683	0.776	0.883
52	55	0.013	0.029	0.045	0.064	0.086	0.113	0.148	0.244	0.347	0.398	0.441	0.482	0.523	0.567	0.619	0.749	0.816	0.851	0.877	0.898	0.917	0.933	0.948	0.962	0.975	0.987
55	57	0.068	0.149	0.254	0.397	0.559	0.696	0.809	0.908
57	60	0.022	0.047	0.076	0.112	0.161	0.274	0.418	0.505	0.595	0.755	0.843	0.889	0.924	0.952	0.977
58	60	0.007	0.015	0.024	0.033	0.042	0.052	0.063	0.074	0.087	0.101	0.117	0.137	0.161	0.201	0.298	0.339	0.37	0.396	0.421	0.444	0.466	0.488	0.51	0.533	0.556	0.58	0.607	0.638	0.681	0.783	0.819	0.842	0.861	0.877	0.891	0.903	0.915	0.925	0.935	0.945	0.953	0.962	0.97	0.977	0.985	0.992
59	60	0.021	0.046	0.075	0.112	0.167	0.347	0.431	0.501	0.573	0.685	0.828	0.875	0.908	0.936	0.959	0.98
60	63	0.058	0.125	0.203	0.292	0.395	0.506	0.616	0.715	0.802	0.876	0.941
60	61	0.05	0.119	0.204	0.28	0.342	0.397	0.446	0.493	0.538	0.583	0.627	0.672	0.718	0.767	0.819	0.876	0.937
50	58	0.033	0.07	0.111	0.157	0.211	0.274	0.348	0.432	0.525	0.62	0.709	0.787	0.853	0.909	0.957
50	51	0.099	0.21	0.319	0.42	0.511	0.592	0.666	0.733	0.795	0.851	0.904	0.953
51	52	0.016	0.033	0.053	0.075	0.101	0.133	0.176	0.315	0.425	0.495	0.565	0.661	0.817	0.863	0.896	0.922	0.944	0.964	0.982
52	53	0.136	0.248	0.348	0.441	0.527	0.61	0.69	0.769	0.846	0.922
48	52	0.015	0.031	0.049	0.069	0.093	0.122	0.162	0.274	0.371	0.427	0.475	0.521	0.569	0.623	0.709	0.832	0.874	0.904	0.928	0.949	0.967	0.983
52	67	0.078	0.165	0.254	0.343	0.43	0.515	0.599	0.685	0.776	0.876
49	67	0.015	0.031	0.049	0.07	0.093	0.121	0.159	0.227	0.362	0.428	0.483	0.537	0.596	0.684	0.809	0.854	0.885	0.911	0.932	0.951	0.968	0.984
48	54	0.035	0.073	0.111	0.152	0.194	0.238	0.285	0.333	0.384	0.438	0.493	0.551	0.61	0.67	0.73	0.788	0.845	0.899	0.95
53	54	0.084	0.17	0.259	0.353	0.456	0.574	0.713	0.867
54	61	0.036	0.078	0.129	0.194	0.287	0.424	0.561	0.674	0.767	0.842	0.903	0.955
58	59	0.052	0.106	0.162	0.218	0.276	0.335	0.395	0.457	0.519	0.582	0.646	0.712	0.78	0.85	0.922
61	63	0.066	0.139	0.218	0.305	0.401	0.51	0.641	0.791	0.912
65	66	0.016	0.034	0.055	0.079	0.109	0.15	0.269	0.359	0.415	0.463	0.511	0.56	0.62	0.768	0.831	0.867	0.894	0.917	0.937	0.954	0.97	0.985
49	50	0.012	0.025	0.04	0.056	0.073	0.094	0.118	0.15	0.201	0.29	0.346	0.388	0.425	0.459	0.493	0.526	0.561	0.6	0.647	0.735	0.818	0.853	0.879	0.901	0.919	0.935	0.95	0.963	0.976	0.987
46	47	0.012	0.025	0.04	0.056	0.074	0.095	0.121	0.156	0.219	0.3	0.348	0.387	0.422	0.455	0.487	0.52	0.554	0.591	0.636	0.704	0.78	0.819	0.847	0.869	0.888	0.904	0.919	0.933	0.946	0.958	0.969	0.979	0.989
47	49	0.056	0.12	0.193	0.278	0.377	0.492	0.616	0.734	0.837	0.924
47	48	0.053	0.113	0.177	0.249	0.328	0.415	0.512	0.617	0.727	0.83	0.921
63	64	0.016	0.035	0.055	0.079	0.106	0.139	0.185	0.263	0.361	0.429	0.488	0.545	0.605	0.68	0.776	0.84	0.881	0.912	0.938	0.96	0.98
64	65	0.067	0.136	0.208	0.282	0.36	0.442	0.53	0.624	0.729	0.85
62	66	0.096	0.189	0.279	0.366	0.452	0.538	0.625	0.712	0.796	0.872	0.94
52	56	0.026	0.058	0.098	0.159	0.324	0.421	0.499	0.579	0.705	0.832	0.884	0.921	0.951	0.976
56	57	0.094	0.189	0.277	0.36	0.439	0.518	0.598	0.683	0.776	0.883
52	55	0.013	0.029	0.045	0.064	0.086	0.113	0.148	0.244	0.347	0.398	0.441	0.482	0.523	0.567	0.619	0.749	0.816	0.851	0.877	0.898	0.917	0.933	0.948	0.962	0.975	0.987
55	57	0.068	0.149	0.254	0.397	0.559	0.696	0.809	0.908
57	60	0.022	0.047	0.076	0.112	0.161	0.274	0.418	0.505	0.595	0.755	0.843	0.889	0.924	0.952	0.977
58	60	0.007	0.015	0.024	0.033	0.042	0.052	0.063	0.074	0.087	0.101	0.117	0.137	0.161	0.201	0.298	0.339	0.37	0.396	0.421	0.444	0.466	0.488	0.51	0.533	0.556	0.58	0.607	0.638	0.681	0.783	0.819	0.842	0.861	0.877	0.891	0.903	0.915	0.925	0.935	0.945	0.953	0.962	0.97	0.977	0.985	0.992
59	60	0.021	0.046	0.075	0.112	0.167	0.347	0.431	0.501	0.573	0.685	0.828	0.875	0.908	0.936	0.959	0.98
60	63	0.058	0.125	0.203	0.292	0.395	0.506	0.616	0.715	0.802	0.876	0.941
60	61	0.05	0.119	0.204	0.28	0.342	0.397	0.446	0.493	0.538	0.583	0.627	0.672	0.718	0.767	0.819	0.876	0.937
50	58	0.033	0.07	0.111	0.157	0.211	0.274	0.348	0.432	0.525	0.62	0.709	0.787	0.853	0.909	0.957
50	51	0.099	0.21	0.319	0.42	0.511	0.592	0.666	0.733	0.795	0.851	0.904	0.953
51	52	0.016	0.033	0.053	0.075	0.101	0.133	0.176	0.315	0.425	0.495	0.565	0.661	0.817	0.863	0.896	0.922	0.944	0.964	0.982
52	53	0.136	0.248	0.348	0.441	0.527	0.61	0.69	0.769	0.846	0.922
48	52	0.015	0.031	0.049	0.069	0.093	0.122	0.162	0.274	0.371	0.427	0.475	0.521	0.569	0.623	0.709	0.832	0.874	0.904	0.928	0.949	0.967	0.983
52	67	0.078	0.165	0.254	0.343	0.43	0.515	0.599	0.685	0.776	0.876
49	67	0.015	0.031	0.049	0.07	0.093	0.121	0.159	0.227	0.362	0.428	0.483	0.537	0.596	0.684	0.809	0.854	0.885	0.911	0.932	0.951	0.968	0.984
48	54	0.035	0.073	0.111	0.152	0.194	0.238	0.285	0.333	0.384	0.438	0.493	0.551	0.61	0.67	0.73	0.788	0.845	0.899	0.95
53	54	0.084	0.17	0.259	0.353	0.456	0.574	0.713	0.867
54	61	0.036	0.078	0.129	0.194	0.287	0.424	0.561	0.674	0.767	0.842	0.903	0.955
58	59	0.052	0.106	0.162	0.218	0.276	0.335	0.395	0.457	0.519	0.582	0.646	0.712	0.78	0.85	0.922
61	63	0.066	0.139	0.218	0.305	0.401	0.51	0.641	0.791	0.912
65	66	0.016	0.034	0.055	0.079	0.109	0.15	0.269	0.359	0.415	0.463	0.511	0.56	0.62	0.768	0.831	0.867	0.894	0.917	0.937	0.954	0.97	0.985
49	50	0.012	0.025	0.04	0.056	0.073	0.094	0.118	0.15	0.201	0.29	0.346	0.388	0.425	0.459	0.493	0.526	0.561	0.6	0.647	0.735	0.818	0.853	0.879	0.901	0.919	0.935	0.95	0.963	0.976	0.987
46	47	0.012	0.025	0.04	0.056	0.074	0.095	0.121	0.156	0.219	0.3	0.348	0.387	0.422	0.455	0.487	0.52	0.554	0.591	0.636	0.704	0.78	0.819	0.847	0.869	0.888	0.904	0.919	0.933	0.946	0.958	0.969	0.979	0.989
47	49	0.056	0.12	0.193	0.278	0.377	0.492	0.616	0.734	0.837	0.924
47	48	0.053	0.113	0.177	0.249	0.328	0.415	0.512	0.617	0.727	0.83	0.921
63	64	0.016	0.035	0.055	0.079	0.106	0.139	0.185	0.263	0.361	0.429	0.488	0.545	0.605	0.68	0.776	0.84	0.881	0.912	0.938	0.96	0.98
64	65	0.067	0.136	0.208	0.282	0.36	0.442	0.53	0.624	0.729	0.85
62	66	0.096	0.189	0.279	0.366	0.452	0.538	0.625	0.712	0.796	0.872	0.94
52	56	0.026	0.058	0.098	0.159	0.324	0.421	0.499	0.579	0.705	0.832	0.884	0.921	0.951	0.976
56	57	0.094	0.189	0.277	0.36	0.439	0.518	0.598	0.683	0.776	0.883
52	55	0.013	0.029	0.045	0.064	0.086	0.113	0.148	0.244	0.347	0.398	0.441	0.482	0.523	0.567	0.619	0.749	0.816	0.851	0.877	0.898	0.917	0.933	0.948	0.962	0.975	0.987
55	57	0.068	0.149	0.254	0.397	0.559	0.696	0.809	0.908
57	60	0.022	0.047	0.076	0.112	0.161	0.274	0.418	0.505	0.595	0.755	0.843	0.889	0.924	0.952	0.977
58	60	0.007	0.015	0.024	0.033	0.042	0.052	0.063	0.074	0.087	0.101	0.117	0.137	0.161	0.201	0.298	0.339	0.37	0.396	0.421	0.444	0.466	0.488	0.51	0.533	0.556	0.58	0.607	0.638	0.681	0.783	0.819	0.842	0.861	0.877	0.891	0.903	0.915	0.925	0.935	0.945	0.953	0.962	0.97	0.977	0.985	0.992
59	60	0.021	0.046	0.075	0.112	0.167	0.347	0.431	0.501	0.573	0.685	0.828	0.875	0.908	0.936	0.959	0.98
60	63	0.058	0.125	0.203	0.292	0.395	0.506	0.616	0.715	0.802	0.876	0.941
60	61	0.05	0.119	0.204	0.28	0.342	0.397	0.446	0.493	0.538	0.583	0.627	0.672	0.718	0.767	0.819	0.876	0.937
50	58	0.033	0.07	0.111	0.157	0.211	0.274	0.348	0.432	0.525	0.62	0.709	0.787	0.853	0.909	0.957
50	51	0.099	0.21	0.319	0.42	0.511	0.592	0.666	0.733	0.795	0.851	0.904	0.953
51	52	0.016	0.033	0.053	0.075	0.101	0.133	0.176	0.315	0.425	0.495	0.565	0.661	0.817	0.863	0.896	0.922	0.944	0.964	0.982
52	53	0.136	0.248	0.348	0.441	0.527	0.61	0.69	0.769	0.846	0.922
48	52	0.015	0.031	0.049	0.069	0.093	0.122	0.162	0.274	0.371	0.427	0.475	0.521	0.569	0.623	0.709	0.832	0.874	0.904	0.928	0.949	0.967	0.983
52	67	0.078	0.165	0.254	0.343	0.43	0.515	0.599	0.685	0.776	0.876
49	67	0.015	0.031	0.049	0.07	0.093	0.121	0.159	0.227	0.362	0.428	0.483	0.537	0.596	0.684	0.809	0.854	0.885	0.911	0.932	0.951	0.968	0.984
48	54	0.035	0.073	0.111	0.152	0.194	0.238	0.285	0.333	0.384	0.438	0.493	0.551	0.61	0.67	0.73	0.788	0.845	0.899	0.95
53	54	0.084	0.17	0.259	0.353	0.456	0.574	0.713	0.867
54	61	0.036	0.078	0.129	0.194	0.287	0.424	0.561	0.674	0.767	0.842	0.903	0.955
58	59	0.052	0.106	0.162	0.218	0.276	0.335	0.395	0.457	0.519	0.582	0.646	0.712	0.78	0.85	0.922
61	63	0.066	0.139	0.218	0.305	0.401	0.51	0.641	0.791	0.912
65	66	0.016	0.034	0.055	0.079	0.109	0.15	0.269	0.359	0.415	0.463	0.511	0.56	0.62	0.768	0.831	0.867	0.894	0.917	0.937	0.954	0.97	0.985
49	50	0.028	0.06	0.098	0.143	0.2	0.272	0.349	0.42	0.482	0.54	0.595	0.65	0.705	0.764	0.828	0.905
46	47	0.069	0.156	0.246	0.325	0.394	0.457	0.515	0.57	0.622	0.673	0.721	0.768	0.812	0.854	0.894	0.931	0.966
47	49	0.056	0.12	0.193	0.278	0.377	0.492	0.616	0.734	0.837	0.924
47	48	0.053	0.113	0.177	0.249	0.328	0.415	0.512	0.617	0.727	0.83	0.921
59	64	0.093	0.174	0.248	0.316	0.38	0.442	0.501	0.557	0.612	0.666	0.718	0.768	0.817	0.864	0.91	0.955
63	64	0.056	0.116	0.183	0.258	0.343	0.442	0.554	0.662	0.754	0.83	0.893	0.949
64	65	0.067	0.136	0.208	0.282	0.36	0.442	0.53	0.624	0.729	0.85
62	66	0.096	0.189	0.279	0.366	0.452	0.538	0.625	0.712	0.796	0.872	0.94
52	56	0.15	0.324	0.518	0.687	0.8	0.881	0.945
56	57	0.094	0.189	0.277	0.36	0.439	0.518	0.598	0.683	0.776	0.883
52	55	0.013	0.029	0.045	0.064	0.086	0.113	0.148	0.244	0.347	0.398	0.441	0.482	0.523	0.567	0.619	0.749	0.816	0.851	0.877	0.898	0.917	0.933	0.948	0.962	0.975	0.987
55	57	0.068	0.149	0.254	0.397	0.559	0.696	0.809	0.908
57	60	0.085	0.185	0.303	0.445	0.597	0.729	0.835	0.923
58	60	0.049	0.103	0.16	0.219	0.278	0.334	0.387	0.438	0.487	0.533	0.578	0.621	0.663	0.703	0.743	0.782	0.82	0.857	0.894	0.929	0.964
59	60	0.163	0.334	0.484	0.618	0.737	0.839	0.925
60	63	0.058	0.125	0.203	0.292	0.395	0.506	0.616	0.715	0.802	0.876	0.941
60	61	0.05	0.119	0.204	0.28	0.342	0.397	0.446	0.493	0.538	0.583	0.627	0.672	0.718	0.767	0.819	0.876	0.937
50	58	0.033	0.07	0.111	0.157	0.211	0.274	0.348	0.432	0.525	0.62	0.709	0.787	0.853	0.909	0.957
50	51	0.099	0.21	0.319	0.42	0.511	0.592	0.666	0.733	0.795	0.851	0.904	0.953
51	52	0.092	0.183	0.273	0.363	0.451	0.54	0.628	0.718	0.809	0.902
52	53	0.136	0.248	0.348	0.441	0.527	0.61	0.69	0.769	0.846	0.922
48	52	0.051	0.113	0.187	0.279	0.387	0.5	0.61	0.718	0.822	0.916
52	67	0.078	0.165	0.254	0.343	0.43	0.515	0.599	0.685	0.776	0.876
49	67	0.087	0.176	0.266	0.355	0.443	0.53	0.614	0.696	0.776	0.852	0.927
48	54	0.035	0.073	0.111	0.152	0.194	0.238	0.285	0.333	0.384	0.438	0.493	0.551	0.61	0.67	0.73	0.788	0.845	0.899	0.95
53	54	0.084	0.17	0.259	0.353	0.456	0.574	0.713	0.867
54	61	0.036	0.078	0.129	0.194	0.287	0.424	0.561	0.674	0.767	0.842	0.903	0.955
58	59	0.052	0.106	0.162	0.218	0.276	0.335	0.395	0.457	0.519	0.582	0.646	0.712	0.78	0.85	0.922
61	63	0.066	0.139	0.218	0.305	0.401	0.51	0.641	0.791	0.912
65	66	0.097	0.234	0.36	0.462	0.55	0.63	0.707	0.782	0.855	0.928
49	50	0.028	0.06	0.098	0.143	0.2	0.272	0.349	0.42	0.482	0.54	0.595	0.65	0.705	0.764	0.828	0.905
46	47	0.069	0.156	0.246	0.325	0.394	0.457	0.515	0.57	0.622	0.673	0.721	0.768	0.812	0.854	0.894	0.931	0.966
47	49	0.056	0.12	0.193	0.278	0.377	0.492	0.616	0.734	0.837	0.924
47	48	0.053	0.113	0.177	0.249	0.328	0.415	0.512	0.617	0.727	0.83	0.921
59	64	0.093	0.174	0.248	0.316	0.38	0.442	0.501	0.557	0.612	0.666	0.718	0.768	0.817	0.864	0.91	0.955
63	64	0.056	0.116	0.183	0.258	0.343	0.442	0.554	0.662	0.754	0.83	0.893	0.949
64	65	0.067	0.136	0.208	0.282	0.36	0.442	0.53	0.624	0.729	0.85
62	66	0.096	0.189	0.279	0.366	0.452	0.538	0.625	0.712	0.796	0.872	0.94
52	56	0.15	0.324	0.518	0.687	0.8	0.881	0.945
56	57	0.094	0.189	0.277	0.36	0.439	0.518	0.598	0.683	0.776	0.883
52	55	0.013	0.029	0.045	0.064	0.086	0.113	0.148	0.244	0.347	0.398	0.441	0.482	0.523	0.567	0.619	0.749	0.816	0.851	0.877	0.898	0.917	0.933	0.948	0.962	0.975	0.987
55	57	0.068	0.149	0.254	0.397	0.559	0.696	0.809	0.908
57	60	0.085	0.185	0.303	0.445	0.597	0.729	0.835	0.923
58	60	0.049	0.103	0.16	0.219	0.278	0.334	0.387	0.438	0.487	0.533	0.578	0.621	0.663	0.703	0.743	0.782	0.82	0.857	0.894	0.929	0.964
59	60	0.163	0.334	0.484	0.618	0.737	0.839	0.925
60	63	0.058	0.125	0.203	0.292	0.395	0.506	0.616	0.715	0.802	0.876	0.941
60	61	0.05	0.119	0.204	0.28	0.342	0.397	0.446	0.493	0.538	0.583	0.627	0.672	0.718	0.767	0.819	0.876	0.937
50	58	0.033	0.07	0.111	0.157	0.211	0.274	0.348	0.432	0.525	0.62	0.709	0.787	0.853	0.909	0.957
50	51	0.099	0.21	0.319	0.42	0.511	0.592	0.666	0.733	0.795	0.851	0.904	0.953
51	52	0.092	0.183	0.273	0.363	0.451	0.54	0.628	0.718	0.809	0.902
52	53	0.136	0.248	0.348	0.441	0.527	0.61	0.69	0.769	0.846	0.922
48	52	0.051	0.113	0.187	0.279	0.387	0.5	0.61	0.718	0.822	0.916
52	67	0.078	0.165	0.254	0.343	0.43	0.515	0.599	0.685	0.776	0.876
49	67	0.087	0.176	0.266	0.355	0.443	0.53	0.614	0.696	0.776	0.852	0.927
48	54	0.035	0.073	0.111	0.152	0.194	0.238	0.285	0.333	0.384	0.438	0.493	0.551	0.61	0.67	0.73	0.788	0.845	0.899	0.95
53	54	0.084	0.17	0.259	0.353	0.456	0.574	0.713	0.867
54	61	0.036	0.078	0.129	0.194	0.287	0.424	0.561	0.674	0.767	0.842	0.903	0.955
58	59	0.052	0.106	0.162	0.218	0.276	0.335	0.395	0.457	0.519	0.582	0.646	0.712	0.78	0.85	0.922
61	63	0.066	0.139	0.218	0.305	0.401	0.51	0.641	0.791	0.912
65	66	0.097	0.234	0.36	0.462	0.55	0.63	0.707	0.782	0.855	0.928
49	50	0.028	0.06	0.098	0.143	0.2	0.272	0.349	0.42	0.482	0.54	0.595	0.65	0.705	0.764	0.828	0.905
46	47	0.069	0.156	0.246	0.325	0.394	0.457	0.515	0.57	0.622	0.673	0.721	0.768	0.812	0.854	0.894	0.931	0.966
47	49	0.056	0.12	0.193	0.278	0.377	0.492	0.616	0.734	0.837	0.924
47	48	0.053	0.113	0.177	0.249	0.328	0.415	0.512	0.617	0.727	0.83	0.921
59	64	0.093	0.174	0.248	0.316	0.38	0.442	0.501	0.557	0.612	0.666	0.718	0.768	0.817	0.864	0.91	0.955
63	64	0.056	0.116	0.183	0.258	0.343	0.442	0.554	0.662	0.754	0.83	0.893	0.949
64	65	0.067	0.136	0.208	0.282	0.36	0.442	0.53	0.624	0.729	0.85
62	66	0.096	0.189	0.279	0.366	0.452	0.538	0.625	0.712	0.796	0.872	0.94
52	56	0.15	0.324	0.518	0.687	0.8	0.881	0.945
56	57	0.094	0.189	0.277	0.36	0.439	0.518	0.598	0.683	0.776	0.883
52	55	0.123	0.256	0.381	0.49	0.583	0.664	0.735	0.798	0.854	0.906	0.954
55	57	0.068	0.149	0.254	0.397	0.559	0.696	0.809	0.908
57	60	0.085	0.185	0.303	0.445	0.597	0.729	0.835	0.923
58	60	0.049	0.103	0.16	0.219	0.278	0.334	0.387	0.438	0.487	0.533	0.578	0.621	0.663	0.703	0.743	0.782	0.82	0.857	0.894	0.929	0.964
59	60	0.163	0.334	0.484	0.618	0.737	0.839	0.925
60	63	0.058	0.125	0.203	0.292	0.395	0.506	0.616	0.715	0.802	0.876	0.941
60	61	0.05	0.119	0.204	0.28	0.342	0.397	0.446	0.493	0.538	0.583	0.627	0.672	0.718	0.767	0.819	0.876	0.937
50	58	0.033	0.07	0.111	0.157	0.211	0.274	0.348	0.432	0.525	0.62	0.709	0.787	0.853	0.909	0.957
50	51	0.099	0.21	0.319	0.42	0.511	0.592	0.666	0.733	0.795	0.851	0.904	0.953
51	52	0.092	0.183	0.273	0.363	0.451	0.54	0.628	0.718	0.809	0.902
52	53	0.136	0.248	0.348	0.441	0.527	0.61	0.69	0.769	0.846	0.922
48	52	0.051	0.113	0.187	0.279	0.387	0.5	0.61	0.718	0.822	0.916
52	67	0.078	0.165	0.254	0.343	0.43	0.515	0.599	0.685	0.776	0.876
49	67	0.087	0.176	0.266	0.355	0.443	0.53	0.614	0.696	0.776	0.852	0.927
48	54	0.035	0.073	0.111	0.152	0.194	0.238	0.285	0.333	0.384	0.438	0.493	0.551	0.61	0.67	0.73	0.788	0.845	0.899	0.95
53	54	0.084	0.17	0.259	0.353	0.456	0.574	0.713	0.867
54	61	0.036	0.078	0.129	0.194	0.287	0.424	0.561	0.674	0.767	0.842	0.903	0.955
58	59	0.052	0.106	0.162	0.218	0.276	0.335	0.395	0.457	0.519	0.582	0.646	0.712	0.78	0.85	0.922
61	63	0.066	0.139	0.218	0.305	0.401	0.51	0.641	0.791	0.912
65	66	0.097	0.234	0.36	0.462	0.55	0.63	0.707	0.782	0.855	0.928
49	50	0.028	0.06	0.098	0.143	0.2	0.272	0.349	0.42	0.482	0.54	0.595	0.65	0.705	0.764	0.828	0.905
46	47	0.069	0.156	0.246	0.325	0.394	0.457	0.515	0.57	0.622	0.673	0.721	0.768	0.812	0.854	0.894	0.931	0.966
47	49	0.056	0.12	0.193	0.278	0.377	0.492	0.616	0.734	0.837	0.924
47	48	0.053	0.113	0.177	0.249	0.328	0.415	0.512	0.617	0.727	0.83	0.921
59	64	0.093	0.174	0.248	0.316	0.38	0.442	0.501	0.557	0.612	0.666	0.718	0.768	0.817	0.864	0.91	0.955
63	64	0.056	0.116	0.183	0.258	0.343	0.442	0.554	0.662	0.754	0.83	0.893	0.949
64	65	0.067	0.136	0.208	0.282	0.36	0.442	0.53	0.624	0.729	0.85
62	66	0.096	0.189	0.279	0.366	0.452	0.538	0.625	0.712	0.796	0.872	0.94
52	56	0.15	0.324	0.518	0.687	0.8	0.881	0.945
56	57	0.094	0.189	0.277	0.36	0.439	0.518	0.598	0.683	0.776	0.883
52	55	0.123	0.256	0.381	0.49	0.583	0.664	0.735	0.798	0.854	0.906	0.954
55	57	0.068	0.149	0.254	0.397	0.559	0.696	0.809	0.908
57	60	0.085	0.185	0.303	0.445	0.597	0.729	0.835	0.923
58	60	0.049	0.103	0.16	0.219	0.278	0.334	0.387	0.438	0.487	0.533	0.578	0.621	0.663	0.703	0.743	0.782	0.82	0.857	0.894	0.929	0.964
59	60	0.163	0.334	0.484	0.618	0.737	0.839	0.925
60	63	0.058	0.125	0.203	0.292	0.395	0.506	0.616	0.715	0.802	0.876	0.941
60	61	0.05	0.119	0.204	0.28	0.342	0.397	0.446	0.493	0.538	0.583	0.627	0.672	0.718	0.767	0.819	0.876	0.937
50	58	0.033	0.07	0.111	0.157	0.211	0.274	0.348	0.432	0.525	0.62	0.709	0.787	0.853	0.909	0.957
50	51	0.099	0.21	0.319	0.42	0.511	0.592	0.666	0.733	0.795	0.851	0.904	0.953
51	52	0.092	0.183	0.273	0.363	0.451	0.54	0.628	0.718	0.809	0.902
52	53	0.136	0.248	0.348	0.441	0.527	0.61	0.69	0.769	0.846	0.922
48	52	0.051	0.113	0.187	0.279	0.387	0.5	0.61	0.718	0.822	0.916
52	67	0.078	0.165	0.254	0.343	0.43	0.515	0.599	0.685	0.776	0.876
49	67	0.087	0.176	0.266	0.355	0.443	0.53	0.614	0.696	0.776	0.852	0.927
48	54	0.035	0.073	0.111	0.152	0.194	0.238	0.285	0.333	0.384	0.438	0.493	0.551	0.61	0.67	0.73	0.788	0.845	0.899	0.95
53	54	0.084	0.17	0.259	0.353	0.456	0.574	0.713	0.867
54	61	0.036	0.078	0.129	0.194	0.287	0.424	0.561	0.674	0.767	0.842	0.903	0.955
58	59	0.052	0.106	0.162	0.218	0.276	0.335	0.395	0.457	0.519	0.582	0.646	0.712	0.78	0.85	0.922
61	63	0.066	0.139	0.218	0.305	0.401	0.51	0.641	0.791	0.912
65	66	0.097	0.234	0.36	0.462	0.55	0.63	0.707	0.782	0.855	0.928
