40	44	0.021	0.045	0.069	0.096	0.125	0.158	0.195	0.241	0.303	0.474	0.557	0.607	0.647	0.68	0.71	0.736	0.761	0.783	0.805	0.825	0.844	0.862	0.88	0.896	0.912	0.928	0.943	0.957	0.972	0.985
30	31	0.013	0.028	0.043	0.059	0.076	0.094	0.114	0.135	0.158	0.185	0.216	0.254	0.312	0.468	0.529	0.571	0.606	0.637	0.664	0.69	0.714	0.736	0.758	0.779	0.798	0.817	0.836	0.854	0.871	0.888	0.905	0.921	0.937	0.953	0.968	0.984
31	32	0.048	0.106	0.181	0.309	0.494	0.581	0.644	0.696	0.741	0.782	0.819	0.853	0.886	0.916	0.945	0.972
32	33	0.04	0.086	0.139	0.203	0.291	0.446	0.57	0.647	0.706	0.755	0.799	0.839	0.875	0.909	0.94	0.97
33	34	0.014	0.028	0.044	0.059	0.076	0.093	0.111	0.13	0.15	0.171	0.193	0.217	0.244	0.273	0.307	0.346	0.396	0.475	0.598	0.667	0.715	0.754	0.788	0.819	0.846	0.872	0.896	0.918	0.94	0.96	0.98
34	35	0.008	0.016	0.024	0.033	0.042	0.051	0.061	0.07	0.08	0.091	0.101	0.112	0.124	0.136	0.148	0.161	0.175	0.189	0.205	0.221	0.238	0.257	0.278	0.301	0.327	0.358	0.398	0.463	0.619	0.673	0.713	0.746	0.775	0.801	0.825	0.847	0.868	0.887	0.905	0.923	0.939	0.955	0.97	0.985
35	41	0.016	0.033	0.051	0.07	0.089	0.11	0.132	0.155	0.181	0.208	0.239	0.275	0.318	0.377	0.472	0.554	0.606	0.646	0.68	0.709	0.736	0.76	0.783	0.804	0.824	0.843	0.862	0.879	0.896	0.912	0.927	0.942	0.957	0.971	0.985
36	41	0.015	0.031	0.047	0.064	0.083	0.102	0.122	0.144	0.168	0.194	0.224	0.258	0.302	0.37	0.527	0.584	0.624	0.657	0.686	0.711	0.735	0.757	0.777	0.796	0.815	0.832	0.848	0.864	0.88	0.895	0.909	0.923	0.936	0.949	0.962	0.975	0.987
36	37	0.027	0.057	0.088	0.121	0.157	0.196	0.239	0.288	0.347	0.424	0.569	0.726	0.806	0.866	0.916	0.959
34	40	0.013	0.026	0.04	0.054	0.069	0.085	0.101	0.118	0.136	0.155	0.176	0.198	0.221	0.247	0.276	0.31	0.349	0.399	0.461	0.523	0.575	0.617	0.652	0.684	0.712	0.738	0.763	0.786	0.807	0.828	0.848	0.866	0.885	0.902	0.92	0.936	0.952	0.968	0.983
40	41	0.027	0.056	0.087	0.119	0.154	0.192	0.234	0.28	0.334	0.401	0.493	0.63	0.737	0.81	0.867	0.916	0.96
33	38	0.039	0.082	0.131	0.189	0.262	0.364	0.485	0.573	0.639	0.693	0.739	0.78	0.818	0.853	0.885	0.916	0.945	0.972
38	39	0.034	0.071	0.11	0.151	0.195	0.243	0.294	0.349	0.407	0.467	0.527	0.585	0.64	0.691	0.738	0.782	0.824	0.863	0.899	0.934	0.967
39	44	0.027	0.056	0.087	0.12	0.155	0.193	0.234	0.28	0.331	0.39	0.455	0.525	0.594	0.655	0.709	0.757	0.8	0.839	0.875	0.909	0.94	0.97
41	42	0.051	0.112	0.191	0.343	0.544	0.628	0.691	0.744	0.79	0.831	0.869	0.904	0.938	0.969
42	44	0.046	0.1	0.168	0.281	0.521	0.601	0.66	0.709	0.752	0.791	0.826	0.859	0.89	0.919	0.947	0.973
41	43	0.017	0.036	0.055	0.075	0.095	0.117	0.139	0.163	0.188	0.215	0.244	0.277	0.314	0.358	0.418	0.542	0.623	0.67	0.706	0.736	0.762	0.785	0.807	0.826	0.845	0.862	0.879	0.894	0.909	0.923	0.937	0.95	0.963	0.975	0.987
43	44	0.02	0.042	0.066	0.091	0.118	0.147	0.179	0.215	0.257	0.307	0.377	0.498	0.581	0.631	0.669	0.701	0.728	0.752	0.774	0.795	0.813	0.831	0.848	0.863	0.878	0.892	0.906	0.919	0.931	0.944	0.955	0.967	0.978	0.988
44	45	0.043	0.092	0.151	0.226	0.342	0.475	0.56	0.623	0.675	0.72	0.76	0.797	0.831	0.863	0.892	0.921	0.948	0.974
42	44	0.022	0.046	0.071	0.097	0.125	0.155	0.188	0.224	0.267	0.32	0.399	0.535	0.604	0.651	0.688	0.72	0.749	0.774	0.797	0.819	0.84	0.859	0.877	0.894	0.911	0.927	0.942	0.957	0.971	0.985
40	44	0.064	0.144	0.24	0.347	0.455	0.558	0.648	0.724	0.788	0.841	0.888	0.929	0.965
30	31	0.048	0.108	0.177	0.252	0.323	0.389	0.45	0.51	0.568	0.627	0.69	0.76	0.845
31	32	0.08	0.164	0.253	0.346	0.445	0.548	0.656	0.768	0.883
32	33	0.164	0.32	0.461	0.588	0.704	0.81	0.908
33	34	0.042	0.091	0.149	0.219	0.308	0.429	0.561	0.662	0.737	0.798	0.848	0.892	0.931	0.966
34	35	0.014	0.028	0.044	0.061	0.079	0.098	0.119	0.142	0.169	0.199	0.235	0.281	0.347	0.491	0.717	0.792	0.84	0.877	0.908	0.934	0.958	0.979
35	41	0.042	0.087	0.132	0.18	0.231	0.285	0.345	0.412	0.491	0.595	0.745	0.863	0.939
36	41	0.036	0.077	0.126	0.184	0.257	0.348	0.452	0.554	0.65	0.739	0.819	0.888	0.948
36	37	0.089	0.187	0.297	0.424	0.577	0.77
34	40	0.052	0.107	0.165	0.224	0.285	0.346	0.409	0.472	0.537	0.603	0.67	0.737	0.806	0.873	0.938
40	41	0.115	0.234	0.355	0.478	0.604	0.733	0.865
33	38	0.1	0.2	0.3	0.4	0.5	0.601	0.7	0.8	0.899
38	39	0.054	0.109	0.165	0.222	0.279	0.337	0.396	0.455	0.514	0.574	0.634	0.695	0.756	0.817	0.877	0.938
39	44	0.073	0.146	0.219	0.292	0.364	0.437	0.508	0.58	0.651	0.722	0.792	0.861	0.93
41	42	0.118	0.245	0.381	0.525	0.678	0.837
42	44	0.126	0.253	0.379	0.504	0.629	0.753	0.876
41	43	0.032	0.069	0.111	0.163	0.228	0.32	0.459	0.628	0.747	0.824	0.88	0.926	0.965
43	44	0.042	0.101	0.202	0.336	0.448	0.569	0.684	0.753	0.801	0.838	0.869	0.896	0.92	0.942	0.962	0.981
44	45	0.141	0.276	0.394	0.498	0.59	0.672	0.747	0.816	0.881	0.941
42	44	0.056	0.115	0.177	0.245	0.321	0.41	0.53	0.678	0.772	0.836	0.887	0.929	0.966
