18	19	777	1117	841	1131	918	1134	974	1128	1027	1111	1070	1096
14	17	1142	425	1211	435	1257	427	1326	417	1403	427	1481	440
1	3	273	901	241	852	230	790
3	4	247	657	229	593	185	538	149	494	146	465
4	5	190	355	228	310	286	279
5	6	385	183	454	168	521	164
6	7	633	173	697	193	769	199	843	199	922	189
7	8	1063	179	1119	186	1180	202	1232	212	1296	212
2	8	1670	235	1595	223	1540	210	1480	206
2	23	1805	283	1838	363	1851	444
22	23	1746	742	1750	671	1779	616	1825	575	1873	536
21	22	1803	1016	1836	978	1840	921	1803	871	1758	837
20	21	1548	988	1614	987	1675	1016
19	20	1182	1048	1256	1031	1374	1031	1456	1031
1	18	386	1007	435	1034	489	1061	572	1074	652	1084
1	9	411	931	485	913	524	883	565	854
9	10	600	713	614	630	649	570
10	14	774	467	869	432	952	436	1006	431
2	17	1712	257	1683	283	1643	324	1615	370
16	17	1458	681	1475	628	1495	568	1532	518	1566	477
12	16	1131	864	1185	860	1246	851	1296	827	1338	793	1379	754
9	12	658	879	715	894	778	894	855	887	955	876
9	11	672	789	731	755	778	735
11	13	880	670	935	652	995	645	1021	645
13	14	1041	545	1036	494	1048	446
13	15	1124	602	1173	583	1239	574	1274	570
15	17	1360	518	1422	517	1476	493	1518	462
12	13	1064	800	1071	752	1067	706	1058	661	
10	13	769	529	847	535	911	554	992	591
13	16	1130	654	1193	682	1276	697	1362	708
1	24	328	909	356	870
2	25	1708	239	1675	251	1608	274