18	19	0.057	0.115	0.172	0.23	0.288	0.346	0.405	0.465	0.526	0.588	0.651	0.717	0.784	0.853	0.925
14	17	0.041	0.086	0.133	0.183	0.236	0.291	0.349	0.409	0.469	0.528	0.587	0.643	0.697	0.748	0.796	0.842	0.884	0.925	0.963
1	3	0.081	0.167	0.26	0.359	0.466	0.578	0.692	0.802	0.905
3	4	0.053	0.111	0.174	0.24	0.308	0.377	0.448	0.522	0.601	0.69	0.796	0.91
4	5	0.092	0.191	0.295	0.402	0.509	0.619	0.734	0.857
5	6	0.06	0.128	0.202	0.283	0.367	0.453	0.542	0.635	0.735	0.852
6	7	0.068	0.134	0.199	0.262	0.323	0.384	0.444	0.504	0.564	0.624	0.684	0.744	0.806	0.868	0.933
7	8	0.048	0.101	0.158	0.222	0.291	0.365	0.443	0.521	0.598	0.671	0.739	0.801	0.857	0.908	0.955
2	8	0.049	0.104	0.165	0.235	0.312	0.397	0.487	0.578	0.667	0.749	0.823	0.888	0.946
2	23	0.085	0.166	0.242	0.317	0.39	0.462	0.536	0.611	0.69	0.776	0.874
22	23	0.044	0.094	0.152	0.216	0.283	0.35	0.415	0.479	0.544	0.61	0.682	0.765	0.874
21	22	0.068	0.157	0.258	0.352	0.434	0.51	0.584	0.658	0.738	0.831
20	21	0.111	0.24	0.367	0.479	0.577	0.664	0.742	0.814	0.88	0.941
19	20	0.111	0.19	0.256	0.314	0.369	0.421	0.471	0.522	0.572	0.624	0.679	0.737	0.802	0.881
1	18	0.06	0.122	0.186	0.25	0.314	0.378	0.441	0.503	0.564	0.623	0.681	0.737	0.792	0.846	0.898	0.949
1	9	0.044	0.093	0.147	0.207	0.275	0.353	0.441	0.541	0.647	0.749	0.843	0.926
9	10	0.058	0.12	0.187	0.257	0.332	0.411	0.494	0.579	0.665	0.75	0.835	0.918
10	14	0.053	0.108	0.164	0.22	0.278	0.336	0.396	0.457	0.52	0.587	0.659	0.74	0.839
2	17	0.089	0.188	0.294	0.403	0.51	0.611	0.704	0.788	0.865	0.935
16	17	0.1	0.187	0.267	0.344	0.418	0.491	0.564	0.639	0.717	0.799	0.891
12	16	0.041	0.085	0.132	0.182	0.235	0.292	0.352	0.416	0.482	0.55	0.619	0.687	0.753	0.818	0.88	0.941
9	12	0.051	0.11	0.175	0.244	0.315	0.382	0.446	0.506	0.563	0.618	0.67	0.72	0.769	0.817	0.863	0.909	0.954
9	11	0.097	0.194	0.293	0.394	0.498	0.606	0.722	0.851
11	13	0.056	0.12	0.193	0.276	0.37	0.472	0.579	0.691	0.802	0.907
13	14	0.069	0.149	0.24	0.345	0.463	0.598	0.759
13	15	0.113	0.218	0.316	0.412	0.508	0.608	0.716	0.842
15	17	0.087	0.176	0.266	0.358	0.45	0.544	0.638	0.732	0.825	0.914
12	13	0.068	0.146	0.235	0.333	0.439	0.55	0.666	0.785	0.898
10	13	0.071	0.145	0.219	0.293	0.366	0.439	0.51	0.579	0.646	0.711	0.773	0.833	0.89	0.946
13	16	0.094	0.177	0.252	0.322	0.388	0.451	0.513	0.574	0.636	0.699	0.764	0.833	0.91
1	24	0.157	0.35	0.555	0.732	0.877
2	25	0.137	0.278	0.416	0.542	0.655	0.756	0.845	0.926
