319	320	1221	1052	1271	1077	1305	1097	1331	1110	1377	1117	1438	1122	1475	1124	1508	1124	1532	1120	1552	1110
301	303	868	314	825	325	774	338	745	345	710	355	677	368	641	384	618	391
302	303	412	268	435	282	460	302	491	335	522	357	552	381
302	308	382	285	377	311	372	362	361	410	361	460	350	492	347	535
303	308	568	418	542	428	517	454	475	484	452	508	405	538	361	565
308	312	338	605	341	635	347	668	351	700	357	735	365	772	377	810
312	318	414	864	444	881	471	895	495	911	514	922	537	942	562	964	577	982	594	1014
313	318	754	810	741	831	735	857	724	884	704	932	681	974	650	1002	628	1024
309	313	787	617	787	644	784	661	782	704	772	742
301	309	891	328	880	352	860	388	854	421	845	462	835	501	817	541	807	568
301	304	914	317	941	334	962	358	988	382	1005	398	1028	420	1054	440	1065	451
304	314	1060	465	1044	492	1044	531	1051	594	1054	641	1081	681	1100	715	1122	742
313	314	804	778	874	770	924	764	968	760	1042	758	1072	755	1100	755	1121	762
314	319	1144	782	1145	821	1147	861	1150	897	1155	952	1161	977	1174	1007
314	315	1168	754	1208	765	1264	780	1298	792	1320	800	1345	810	1372	817	1405	825	1441	840	1462	850
315	320	1507	864	1517	910	1541	945	1545	985	1565	1017	1574	1041	1582	1062
315	316	1532	858	1584	862	1628	864	1660	870	1711	871	1742	871	1768	871
316	317	1830	865	1872	831	1905	802	1927	767
311	317	1820	557	1835	575	1851	607	1867	641	1891	674	1920	714
310	311	1551	601	1607	601	1642	597	1671	587	1721	572	1781	545
306	310	1507	447	1501	457	1497	487	1504	524	1502	570
306	307	1572	390	1604	380	1637	357	1651	334	1662	315	1668	305
307	311	1691	304	1702	342	1724	375	1737	425	1767	447	1788	475	1802	492
305	307	1310	300	1341	314	1390	321	1445	321	1502	311	1572	307	1621	301	1670	292
304	305	1091	441	1122	424	1151	410	1171	392	1197	377	1228	350	1257	320
304	310	1097	470	1137	487	1184	500	1221	514	1261	530	1310	541	1367	567	1410	581	1451	588	1490	600
317	321	1994	788	2026	807	2063	830	2111	854	2169	886	2213	913	2265	941
318	322	593	1081	564	1127	539	1164	510	1202	495	1225	487	1245
318	323	633	1085	647	1135	668	1168	687	1202
323	324	800	1256	860	1270	916	1283	960	1291	989	1293
324	325	1112	1316	1150	1333	1181	1350	1204	1362
325	326	1287	1395	1345	1425	1393	1425	1447	1439
326	331	1485	1464	1485	1516	1485	1566	1495	1606	1497	1643
325	330	1243	1435	1235	1477	1218	1502	1216	1516
326	330	1454	1464	1391	1481	1337	1502	1297	1514	1256	1531
331	332	1533	1691	1581	1681	1622	1658	1666	1639	1704	1635	1737	1633	1762	1631
332	333	1835	1641	1893	1650	1931	1660	1964	1672
332	341	1787	1666	1804	1716	1814	1754	1820	1783
333	341	1935	1766	1904	1787	1864	1802
331	340	1493	1712	1518	1760	1531	1816	1537	1841
340	341	1604	1870	1695	1852	1743	1837
340	349	1516	1954	1489	1997	1470	2043	1433	2075	1408	2100
349	354	1345	2195	1360	2239	1360	2287	1364	2337	1364	2360
353	354	1162	2289	1216	2310	1262	2329	1306	2352	1333	2375	1347	2389
348	353	1087	2106	1110	2139	1122	2172	1131	2239
348	349	1150	2083	1195	2087	1252	2100	1275	2116
339	348	1185	1847	1181	1864	1168	1893	1160	1927	1118	1979	1093	2037
331	339	1454	1720	1414	1739	1356	1770	1295	1806	1233	1814
330	339	1187	1577	1175	1629	1179	1679	1183	1718	1185	1750	1185	1775
338	339	897	1766	958	1766	1010	1770	1081	1783	1137	1804
329	338	868	1497	875	1531	877	1593	866	1647	858	1708
328	329	650	1491	668	1483	697	1470	754	1460	827	1460
322	328	452	1327	485	1370	506	1414	550	1466
328	337	550	1533	522	1568	475	1608	452	1631
328	344	608	1554	618	1618	622	1668	622	1722	614	1775	604	1829	595	1879
338	344	812	1783	768	1789	702	1822	652	1847	627	1879
343	344	360	1897	412	1914	454	1914	495	1914	554	1922
337	343	402	1681	395	1710	375	1764	343	1833
336	343	191	1764	216	1810	258	1837	293	1866	312	1870
336	345	160	1800	158	1852	158	1897	164	1954	166	2010
343	345	291	1922	275	1941	245	1987	212	2020
345	346	200	2075	239	2122	262	2139	302	2152	341	2152
346	350	391	2193	356	2245	333	2300	318	2331
350	351	343	2397	435	2402	493	2389
346	351	433	2185	475	2227	491	2264	510	2302	525	2339
344	346	558	1977	537	2018	506	2083	472	2116	445	2150
344	347	618	1933	656	1979	691	2031	729	2054
347	352	802	2127	808	2185	812	2227	818	2270
351	352	585	2391	622	2395	672	2402	735	2395	795	2366
352	353	887	2333	933	2337	1012	2325	1068	2314
363	364	752	3012	800	2995	881	2983	960	2968	1000	2960	1041	2939
357	364	925	2714	950	2770	985	2816	1027	2866	1056	2889
356	357	612	2725	668	2737	733	2750	791	2750	837	2729	864	2712
356	362	562	2729	537	2756	500	2795	464	2843	443	2881	433	2906
362	363	437	2977	470	2997	531	3010	583	3029	625	3031	668	3037
362	366	431	2970	466	3031	477	3081	489	3139	491	3177	500	3218
363	366	660	3097	639	3118	575	3179	539	3227
363	367	760	3062	793	3093	825	3137	835	3177	845	3220	860	3252
367	368	960	3285	1012	3279	1108	3256	1191	3243	1283	3225	1322	3218
368	370	1531	3197	1591	3208	1662	3227	1741	3256
369	370	1868	3214	1860	3247
369	371	1925	3191	1975	3220	2016	3231	2068	3241
370	371	1866	3304	1954	3302	2020	3291	2093	3281	2118	3281
371	372	2214	3289	2268	3316	2314	3331	2366	3356	2397	3368	2439	3379
372	465	2506	3379	2556	3345	2614	3325	2658	3291	2700	3270	2722	3256	2741	3243
365	369	1562	2916	1608	2975	1650	3035	1708	3070	1777	3112	1854	3152
365	368	1518	2927	1483	2975	1462	3041	1462	3087	1458	3125	1452	3150
364	365	1118	2918	1189	2918	1275	2910	1350	2897	1404	2897	1443	2897
358	365	1295	2687	1320	2725	1354	2750	1404	2793	1456	2829	1487	2858
357	358	956	2673	985	2668	1035	2664	1093	2654	1150	2654	1229	2658
354	358	1379	2483	1347	2552	1312	2622
354	359	1420	2456	1487	2495	1533	2529	1560	2545
355	359	1856	2383	1820	2414	1772	2454	1718	2520
355	360	1983	2343	2027	2364	2072	2385	2131	2433	2168	2466
360	461	2208	2535	2235	2585	2268	2645	2322	2714	2375	2756
361	461	2008	2685	2091	2697	2152	2706	2243	2720	2316	2745	2356	2758	2412	2775
359	361	1691	2610	1727	2633	1793	2666	1889	2685
361	365	1914	2704	1837	2743	1775	2764	1702	2798	1645	2839	1612	2862
333	334	2064	1687	2106	1645	2143	1620
334	335	2258	1608	2306	1631	2339	1662	2366	1689	2402	1710
333	342	2058	1737	2114	1760	2152	1785	2195	1797
335	342	2395	1781	2354	1800	2310	1800
335	439	2506	1708	2541	1668	2583	1639	2612	1620
429	439	2843	1491	2816	1518	2762	1547	2708	1572
420	429	3035	1227	3056	1270	3068	1337	3056	1375	3037	1416	2991	1447
420	430	3047	1200	3083	1252	3110	1304	3137	1354	3170	1400
429	440	2920	1479	2933	1518	2941	1562	2972	1606	2995	1643
440	448	2989	1666	2920	1670	2862	1679	2831	1681
448	450	2764	1720	2798	1770	2814	1816	2841	1856	2868	1893
335	449	2479	1750	2522	1772	2562	1800	2606	1827
449	450	2702	1850	2747	1883	2791	1893	2820	1912	2847	1918
450	453	2902	1975	2868	2020	2839	2066	2820	2104	2802	2131
440	450	2981	1722	2973	1743	2954	1785	2937	1825	2922	1885
440	451	3047	1681	3077	1729	3112	1781	3141	1814	3172	1841
450	451	2960	1931	3008	1925	3052	1914	3123	1893	3185	1889
451	454	3210	1906	3187	1970	3166	2025	3154	2072	3141	2112
453	454	2827	2177	2906	2177	2985	2166	3033	2166
453	455	2800	2210	2829	2260	2870	2302	2902	2329	2920	2354
455	459	2935	2400	2925	2462	2923	2508	2920	2545
455	456	3010	2358	3091	2362	3145	2364	3208	2368	3275	2379
454	456	3164	2212	3179	2237	3218	2281	3293	2341
451	452	3264	1906	3323	1939	3377	1964	3429	1993	3445	2010
452	457	3500	2041	3514	2097	3537	2139	3552	2166
456	457	3385	2331	3420	2291	3479	2256	3537	2231
456	460	3337	2406	3314	2445	3300	2504	3289	2558	3297	2595
460	467	3293	2672	3289	2723	3302	2762	3323	2791
463	467	3125	2885	3150	2883	3189	2866	3223	2852	3300	2831
462	463	2868	2835	2910	2852	2981	2870	3035	2891
462	464	2800	2854	2795	2910	2800	2947	2818	2983
461	462	2527	2806	2581	2797	2647	2797	2708	2795	2760	2804
464	465	2816	3033	2791	3087	2775	3129	2756	3177
463	464	3027	2925	2989	2935	2952	2958	2891	2981
467	500	3368	2845	3410	2885	3458	2922	3512	2966	3556	2981
463	466	3095	2931	3122	2973	3158	3023	3197	3048
466	501	3235	3106	3239	3164	3241	3223	3247	3285	3254	3327
466	502	3285	3110	3327	3150	3385	3166	3431	3183
501	502	3314	3368	3350	3337	3400	3308	3443	3264	3479	3208
500	502	3618	3022	3600	3047	3572	3079	3535	3139
468	500	3591	2775	3604	2822	3608	2875	3618	2925
468	469	3641	2677	3675	2641	3689	2629
469	499	3754	2602	3787	2656	3818	2704	3856	2750
460	468	3331	2664	3391	2693	3472	2716	3527	2735
496	499	4004	2643	3987	2664	3952	2706	3931	2752
499	505	3923	2808	3958	2837	3995	2879	4056	2920	4085	2947	4100	2947	4133	2972
504	505	3960	3091	4020	3047	4075	3027	4114	3010
500	504	3645	3002	3687	3031	3737	3068	3797	3091	3848	3110
503	504	3797	3329	3812	3297	3829	3262	3862	3197	3887	3129
502	503	3525	3210	3568	3252	3620	3293	3643	3310	3695	3325	3739	3341
504	506	3935	3127	3989	3162	4056	3185	4123	3193	4179	3210
506	507	4270	3191	4312	3152	4335	3122	4358	3104
505	507	4193	3008	4223	3041	4266	3060	4350	3075
507	512	4483	3056	4568	3039	4647	3037	4712	3029
512	513	4791	3058	4795	3108	4800	3137	4806	3158
511	513	4577	3302	4618	3302	4718	3281	4745	3254
506	511	4298	3262	4343	3281	4414	3297	4475	3310
513	517	4862	3210	4941	3202	5012	3200	5075	3200
514	517	5085	3022	5093	3045	5116	3110	5125	3147
512	514	4839	3031	4895	3025	4941	3012	5002	2989	5037	2968
510	514	5150	2762	5125	2783	5095	2841	5062	2895
510	515	5233	2770	5243	2827	5270	2891
515	518	5329	2947	5360	2987	5395	3033	5423	3060	5435	3091
494	510	5427	2597	5397	2600	5352	2616	5291	2643	5254	2664
494	516	5491	2610	5518	2689	5518	2741	5527	2787	5533	2812
495	516	5758	2677	5737	2693	5700	2725	5639	2779	5606	2818
487	495	5743	2439	5750	2466	5762	2527	5779	2581
494	495	5543	2597	5593	2591	5658	2604	5718	2612	5758	2620
482	487	5785	2181	5775	2216	5770	2260	5764	2312	5748	2364
480	482	5681	1943	5700	1977	5729	2037	5758	2081
479	480	5762	1702	5748	1747	5725	1800	5714	1856
478	479	5573	1704	5602	1691	5687	1681	5748	1677
478	480	5560	1747	5589	1795	5616	1835	5652	1872
478	481	5514	1739	5477	1764	5454	1810	5427	1879	5393	1952	5391	1995
481	482	5406	2062	5495	2087	5593	2112	5693	2129	5741	2131
481	485	5379	2077	5381	2116	5375	2172
485	486	5368	2262	5368	2295
486	487	5439	2331	5504	2339	5566	2345	5610	2354	5673	2370	5700	2375
486	493	5306	2368	5268	2389	5220	2418	5156	2452	5091	2481
493	494	5087	2495	5162	2516	5260	2531	5356	2556	5404	2568
493	509	5012	2552	4981	2614	4941	2658	4918	2693
508	509	4685	2714	4766	2722	4841	2750
498	508	4698	2585	4679	2604	4662	2629
497	498	4470	2558	4529	2543	4604	2533	4677	2537
493	498	4995	2520	4950	2525	4873	2525	4773	2525
492	493	4927	2343	4935	2364	4964	2402	5016	2452
484	492	5041	2191	5008	2218	4973	2250
484	485	5150	2177	5206	2208	5277	2233
477	484	5160	1981	5154	2000	5127	2039	5112	2083
477	481	5241	1962	5308	2008	5339	2031
476	477	5035	1860	5085	1877	5150	1893
476	483	4958	1881	4952	1931	4943	1956
483	484	4979	2022	5010	2060	5033	2091	5052	2116
483	488	4904	2047	4873	2072	4808	2116	4775	2152
475	483	4789	1927	4827	1941	4889	1972	4916	1991
474	475	4618	2027	4668	1985	4710	1945
473	474	4362	2035	4439	2062	4512	2072
472	473	4273	2087	4289	2052
472	489	4252	2170	4289	2193	4333	2212
474	489	4529	2097	4502	2125	4464	2164	4431	2204
474	488	4595	2093	4637	2125	4685	2139
488	492	4775	2212	4829	2252	4862	2279
488	491	4679	2208	4645	2247	4604	2304	4575	2339
491	498	4575	2395	4616	2441	4656	2481	4675	2520
490	491	4285	2410	4316	2406	4368	2397	4450	2387	4504	2379
489	490	4341	2260	4310	2287	4266	2329	4247	2362
470	490	3997	2377	4031	2383	4079	2395	4129	2395	4191	2404
470	471	3958	2293	3958	2239	3960	2208	3958	2183
471	472	4039	2141	4089	2147	4120	2150	4164	2150
458	471	3858	2052	3870	2058	3893	2079	3931	2106
452	458	3568	2045	3623	2062	3666	2062	3735	2066	3775	2056
470	496	3960	2385	3987	2458	3991	2500	4010	2535
496	497	4104	2585	4202	2572	4254	2566	4318	2560	4354	2558
490	497	4273	2460	4312	2483	4354	2527
447	475	4652	1779	4681	1806	4714	1866
444	447	4672	1541	4652	1581	4652	1620	4631	1679
444	445	4720	1522	4754	1570	4802	1593	4854	1606	4918	1606
435	445	5041	1389	5033	1441	5018	1493	5008	1535
445	446	5054	1575	5137	1564	5189	1564	5243	1566	5291	1568
436	446	5425	1425	5408	1460	5397	1514
436	437	5506	1395	5568	1420	5614	1425	5666	1425
437	438	5766	1422	5843	1397	5858	1387
428	438	5733	1229	5793	1279	5856	1327
417	428	5825	1122	5804	1145	5762	1183
427	428	5477	1158	5535	1166	5589	1172	5627	1183
427	436	5410	1183	5416	1210	5427	1262	5427	1327
407	427	5373	902	5370	931	5370	1002	5383	1077
406	407	5187	875	5270	885	5316	891
405	406	4900	868	4966	877	5062	877
405	415	4881	872	4906	906	4950	975
407	415	5264	912	5200	937	5135	972	5064	993
415	425	4954	1072	4916	1102
415	426	5010	1072	5029	1118
426	427	5106	1195	5166	1195	5241	1191	5306	1175	5354	1158
426	435	5037	1208	5039	1247	5054	1283
425	434	4827	1183	4810	1229	4783	1258	4775	1287
434	435	4785	1331	4837	1335	4904	1337	4972	1337	5016	1339
434	444	4727	1358	4714	1416	4706	1441
433	444	4477	1445	4500	1460	4556	1485	4612	1487
433	443	4393	1450	4379	1487	4358	1520	4354	1539
443	447	4352	1597	4412	1622	4475	1647	4554	1685	4593	1702
432	443	4087	1466	4154	1481	4218	1491	4283	1545
432	433	4079	1408	4166	1397	4260	1395	4316	1393	4373	1393
424	433	4262	1208	4287	1250	4333	1318	4379	1354
414	424	4377	1045	4366	1062	4341	1081	4302	1120
413	414	4258	952	4306	977	4364	991
413	424	4208	952	4208	1016	4206	1058	4214	1091	4218	1120
423	424	4052	1210	4091	1208	4175	1202	4210	1187
423	432	3977	1254	3987	1312	4004	1352	4018	1381
431	432	3631	1358	3681	1372	3762	1377	3825	1379	3893	1400	3960	1412
431	442	3581	1391	3610	1429	3658	1466	3681	1506	3716	1562
432	442	3972	1460	3929	1485	3887	1514	3798	1552
441	442	3445	1620	3516	1610	3595	1600	3697	1591
430	441	3225	1468	3256	1527	3281	1560	3310	1597
430	431	3279	1385	3333	1372	3393	1364	3458	1360	3508	1360
421	431	3439	1208	3462	1231	3497	1260	3539	1310
422	431	3666	1145	3660	1170	3650	1218	3627	1297
422	423	3747	1147	3802	1168	3854	1181	3893	1187
412	422	3879	977	3845	993	3804	1022	3770	1056
412	413	4018	918	4068	925	4104	925	4150	925
403	413	4387	822	4297	856	4268	887
403	404	4485	810	4523	839	4573	864
404	405	4702	854	4760	845	4818	845
391	405	4808	677	4816	704	4823	743	4829	793
395	407	5500	712	5470	762	5439	804
393	395	5683	560	5652	583	5620	612
393	394	5727	522	5762	502	5773	491
383	394	5770	362	5773	377	5789	425
382	383	5487	364	5520	366	5591	360	5654	345	5737	318
382	393	5481	383	5533	410	5593	458	5654	518
392	393	5323	545	5416	537	5495	539	5602	541
381	392	5127	412	5135	433	5150	479
381	382	5164	379	5237	379	5316	362	5393	350
380	382	5268	262	5314	285	5391	314
380	381	5168	268	5145	297	5131	329
379	381	4893	354	4958	358	5037	358
379	391	4806	370	4804	420	4795	493	4800	543
391	392	4887	595	4954	579	5060	568	5112	568
389	391	4406	604	4479	631	4535	641	4620	652	4708	652
389	403	4358	593	4362	652	4387	693	4410	733	4420	764
402	403	4170	716	4260	743	4306	752	4339	762
401	402	3854	681	3891	689	3954	695	4016	708
401	412	3827	704	3839	764	3866	816	3898	864	3912	895
398	401	3656	818	3706	777	3743	741	3772	714
398	422	3618	904	3635	964	3660	1022	3668	1054
398	421	3579	912	3537	947	3489	1006	3456	1068	3433	1114
411	421	3300	1027	3312	1064	3345	1125
400	411	3323	731	3325	770	3325	827	3316	904
398	400	3543	825	3502	777	3452	745	3404	700
399	411	3104	791	3162	825	3200	854	3233	889	3250	918
411	420	3229	1014	3164	1062	3108	1093	3070	1125
419	420	2702	1139	2750	1150	2814	1154	2891	1156
410	419	2850	981	2835	995	2795	1037	2752	1064	2702	1097
399	410	3025	820	3016	837	2998	870	2975	897	2943	933
396	399	2864	620	2904	639	2945	668	2989	691	3025	716
396	408	2785	645	2764	685	2743	714
408	410	2750	800	2781	856	2827	887	2860	916
409	419	2558	1000	2583	1066
418	419	2475	1183	2502	1183	2552	1166	2600	1145
321	418	2320	1002	2325	1029	2343	1070	2368	1131
321	409	2350	947	2377	958	2412	970	2468	985	2518	962
385	400	3393	468	3393	510	3377	556	3372	614
399	400	3137	733	3156	727	3202	710	3260	702	3308	685
384	385	3266	372	3306	393	3356	412
384	397	3187	354	3164	379	3097	422
373	384	3116	266	3131	291	3166	316
374	384	3345	287	3318	291	3275	314
374	385	3410	295	3406	331	3400	362
385	386	3418	427	3462	425	3512	412	3556	379	3589	368
386	387	3706	347	3733	406	3785	420	3837	441
387	388	3954	462	4014	452	4062	435	4110	420
388	389	4150	439	4175	483	4218	506	4254	531	4300	560	4339	568
389	390	4423	537	4468	489	4508	466	4535	450
379	390	4762	358	4716	387	4620	408
378	379	4623	179	4700	227	4750	266	4785	300
377	390	4439	304	4468	327	4506	350	4541	395
377	378	4460	241	4498	208	4535	189
376	377	4031	281	4127	285	4214	287	4283	289
377	388	4318	312	4262	350	4208	375	4173	404
375	376	3770	177	3822	206	3872	229
376	386	3872	302	3808	302	3772	302	3752	304
303	309	625	440	665	485	710	515	730	540
322	327	401	1334	372	1361	354	1390	337	1424	331	1454
327	337	335	1514	338	1555	362	1591	378	1618	401	1640
347	348	847	2091	904	2090	961	2080	1020	2084	1052	2085
374	375	3462	236	3510	236	3562	218	3616	206	3680	188
459	460	2976	2606	3020	2616	3066	2620	3130	2626	3186	2626	3230	2636
416	417	5700	1031	5751	1048	5783	1053	5810	1066
416	427	5638	1038	5618	1046	5575	1063	5525	1085	5488	1103	5448	1113
435	436	5126	1346	5184	1346	5258	1348	5318	1356	5366	1368	5414	1370
515	516	5358	2912	5418	2904	5492	2888	5544	2878
517	518	5192	3184	5226	3176	5288	3162	5372	3148	5410	3142
430	440	3170	1441	3158	1454	3120	1500	3095	1566	3070	1620
440	441	3100	1666	3179	1658	3258	1641	3304	1637
325	520	1240	1419	1190	1456	1137	1483	1094	1496
419	519	2639	1156	2632	1192	2614	1237	2589	1271
463	521	3047	2947	3035	2987	3034	3022	3027	3063
