319	320	0.056	0.113	0.168	0.223	0.277	0.33	0.383	0.437	0.491	0.547	0.604	0.665	0.73	0.802	0.886
301	303	0.066	0.134	0.202	0.272	0.342	0.415	0.489	0.565	0.644	0.726	0.812	0.902
302	303	0.125	0.239	0.345	0.446	0.542	0.636	0.728	0.819	0.909
302	308	0.092	0.174	0.25	0.322	0.392	0.46	0.529	0.597	0.668	0.741	0.818	0.902
303	308	0.163	0.264	0.346	0.421	0.49	0.558	0.624	0.691	0.76	0.833	0.911
308	312	0.1	0.199	0.295	0.389	0.481	0.572	0.66	0.747	0.833	0.916
312	318	0.072	0.149	0.231	0.317	0.406	0.499	0.593	0.685	0.774	0.856	0.931
313	318	0.162	0.261	0.343	0.417	0.487	0.555	0.623	0.69	0.76	0.833	0.912
309	313	0.229	0.409	0.559	0.689	0.803	0.905
301	309	0.122	0.22	0.305	0.382	0.456	0.528	0.6	0.672	0.745	0.823	0.906
301	304	0.126	0.227	0.318	0.404	0.491	0.58	0.677	0.793
304	314	0.134	0.228	0.302	0.367	0.427	0.485	0.542	0.599	0.659	0.724	0.796	0.884
313	314	0.051	0.101	0.151	0.201	0.25	0.3	0.351	0.403	0.457	0.514	0.574	0.64	0.716	0.81
314	319	0.12	0.213	0.295	0.371	0.446	0.521	0.598	0.68	0.772	0.878
314	315	0.049	0.102	0.158	0.218	0.282	0.35	0.422	0.497	0.573	0.65	0.726	0.799	0.869	0.936
315	320	0.148	0.257	0.352	0.441	0.529	0.619	0.716	0.83
315	316	0.088	0.172	0.253	0.333	0.413	0.493	0.576	0.663	0.757	0.864
316	317	0.137	0.257	0.367	0.472	0.579	0.691	0.82
311	317	0.172	0.304	0.417	0.518	0.61	0.696	0.777	0.854	0.928
310	311	0.089	0.18	0.272	0.363	0.452	0.538	0.622	0.703	0.781	0.856	0.929
306	310	0.135	0.28	0.427	0.566	0.692	0.805	0.907
306	307	0.075	0.161	0.261	0.376	0.511	0.677
307	311	0.129	0.232	0.324	0.411	0.495	0.579	0.666	0.758	0.863
305	307	0.114	0.188	0.25	0.305	0.356	0.404	0.451	0.497	0.544	0.59	0.639	0.689	0.743	0.804	0.878
304	305	0.108	0.212	0.312	0.411	0.509	0.606	0.703	0.8	0.899
304	310	0.075	0.14	0.199	0.253	0.305	0.355	0.403	0.451	0.499	0.546	0.594	0.643	0.693	0.745	0.799	0.858	0.923
317	321	0.091	0.17	0.241	0.308	0.371	0.432	0.491	0.55	0.609	0.668	0.729	0.79	0.855	0.924
318	322	0.064	0.136	0.215	0.301	0.395	0.493	0.592	0.688	0.777	0.858	0.932
318	323	0.094	0.2	0.317	0.442	0.57	0.694	0.809	0.91
323	324	0.053	0.11	0.173	0.241	0.317	0.401	0.493	0.593	0.697	0.803	0.904
324	325	0.062	0.137	0.232	0.36	0.525	0.691	0.821	0.92
325	326	0.154	0.272	0.375	0.471	0.564	0.658	0.756	0.865
326	331	0.161	0.286	0.395	0.495	0.592	0.689	0.787	0.89
325	330	0.076	0.168	0.282	0.433	0.635	0.843
326	330	0.081	0.164	0.248	0.333	0.417	0.502	0.587	0.671	0.754	0.837	0.918
331	332	0.063	0.128	0.196	0.265	0.338	0.413	0.493	0.578	0.669	0.77	0.88
332	333	0.1	0.213	0.336	0.465	0.595	0.717	0.825	0.918
332	341	0.133	0.268	0.404	0.541	0.683	0.833
333	341	0.057	0.124	0.205	0.309	0.453	0.658	0.859
331	340	0.201	0.336	0.453	0.565	0.68	0.81
340	341	0.101	0.2	0.297	0.392	0.485	0.576	0.665	0.751	0.836	0.918
340	349	0.05	0.105	0.167	0.238	0.318	0.41	0.511	0.616	0.715	0.802	0.877	0.941
349	354	0.065	0.138	0.22	0.312	0.41	0.513	0.615	0.711	0.797	0.873	0.94
353	354	0.072	0.149	0.229	0.312	0.398	0.485	0.573	0.661	0.747	0.833	0.917
348	353	0.173	0.314	0.438	0.55	0.654	0.749	0.838	0.921
348	349	0.057	0.123	0.199	0.287	0.391	0.509	0.631	0.744	0.842	0.926
339	348	0.209	0.341	0.441	0.526	0.603	0.674	0.743	0.808	0.872	0.936
331	339	0.142	0.236	0.315	0.387	0.454	0.518	0.582	0.645	0.709	0.775	0.844	0.918
330	339	0.074	0.153	0.235	0.319	0.406	0.496	0.59	0.686	0.787	0.891
338	339	0.1	0.185	0.263	0.336	0.406	0.475	0.543	0.612	0.681	0.754	0.83	0.91
329	338	0.123	0.231	0.324	0.408	0.486	0.559	0.631	0.701	0.772	0.844	0.919
328	329	0.123	0.236	0.342	0.442	0.54	0.636	0.729	0.821	0.911
322	328	0.167	0.285	0.384	0.474	0.56	0.644	0.728	0.814	0.903
328	337	0.108	0.211	0.311	0.412	0.513	0.619	0.731	0.855
328	344	0.051	0.104	0.158	0.213	0.27	0.328	0.386	0.445	0.504	0.564	0.624	0.685	0.746	0.808	0.871	0.934
338	344	0.108	0.2	0.284	0.364	0.441	0.517	0.594	0.671	0.75	0.832	0.915
343	344	0.106	0.216	0.318	0.414	0.505	0.594	0.685	0.779	0.882
337	343	0.233	0.347	0.441	0.528	0.612	0.696	0.784	0.88
336	343	0.149	0.261	0.361	0.458	0.558	0.671	0.815
336	345	0.105	0.202	0.292	0.378	0.461	0.541	0.62	0.698	0.775	0.851	0.925
343	345	0.084	0.179	0.287	0.406	0.535	0.666	0.789	0.9
345	346	0.12	0.242	0.365	0.486	0.598	0.699	0.788	0.866	0.936
346	350	0.113	0.216	0.313	0.409	0.506	0.606	0.715	0.84
350	351	0.158	0.265	0.354	0.434	0.513	0.593	0.681	0.788
346	351	0.112	0.216	0.316	0.415	0.515	0.619	0.73	0.854
344	346	0.091	0.174	0.252	0.327	0.402	0.478	0.557	0.642	0.737	0.851
344	347	0.121	0.241	0.348	0.446	0.537	0.624	0.707	0.786	0.862	0.933
347	352	0.139	0.269	0.39	0.505	0.613	0.716	0.814	0.908
351	352	0.098	0.188	0.272	0.354	0.434	0.513	0.592	0.672	0.753	0.835	0.917
352	353	0.092	0.18	0.266	0.35	0.433	0.514	0.595	0.676	0.757	0.837	0.918
363	364	0.087	0.158	0.22	0.277	0.331	0.383	0.434	0.486	0.538	0.591	0.648	0.709	0.777	0.862
357	364	0.136	0.23	0.311	0.386	0.458	0.528	0.6	0.675	0.757	0.854
356	357	0.094	0.175	0.246	0.312	0.375	0.436	0.497	0.559	0.623	0.692	0.769	0.863
356	362	0.119	0.213	0.295	0.372	0.447	0.522	0.599	0.681	0.771	0.875
362	363	0.131	0.231	0.314	0.387	0.457	0.523	0.589	0.656	0.725	0.8	0.886
362	366	0.111	0.198	0.275	0.346	0.416	0.485	0.555	0.629	0.711	0.81
363	366	0.087	0.17	0.25	0.328	0.407	0.487	0.569	0.656	0.751	0.86
363	367	0.054	0.115	0.184	0.261	0.342	0.427	0.513	0.599	0.685	0.771	0.854	0.93
367	368	0.079	0.146	0.205	0.26	0.311	0.359	0.406	0.452	0.496	0.54	0.584	0.627	0.67	0.714	0.758	0.803	0.849	0.897	0.946
368	370	0.052	0.109	0.17	0.237	0.309	0.385	0.462	0.539	0.613	0.682	0.746	0.805	0.859	0.909	0.956
369	370	0.093	0.223	0.443	0.724	0.89
369	371	0.065	0.143	0.239	0.353	0.475	0.587	0.683	0.765	0.835	0.896	0.95
370	371	0.088	0.163	0.229	0.292	0.352	0.411	0.47	0.53	0.593	0.66	0.735	0.827
371	372	0.062	0.124	0.188	0.252	0.318	0.385	0.455	0.528	0.605	0.687	0.776	0.877
372	465	0.064	0.123	0.18	0.236	0.291	0.346	0.402	0.46	0.521	0.588	0.663	0.758
365	369	0.099	0.17	0.23	0.283	0.333	0.381	0.427	0.473	0.517	0.562	0.608	0.655	0.703	0.753	0.807	0.865	0.929
365	368	0.068	0.139	0.21	0.282	0.354	0.428	0.503	0.582	0.665	0.756	0.863
364	365	0.059	0.117	0.173	0.227	0.28	0.333	0.385	0.437	0.489	0.541	0.593	0.646	0.7	0.756	0.812	0.871	0.933
358	365	0.094	0.18	0.259	0.332	0.402	0.47	0.536	0.6	0.664	0.729	0.793	0.86	0.928
357	358	0.083	0.163	0.239	0.312	0.381	0.448	0.513	0.576	0.637	0.698	0.758	0.818	0.878	0.938
354	358	0.136	0.239	0.329	0.413	0.494	0.577	0.663	0.757	0.867
354	359	0.118	0.232	0.341	0.445	0.544	0.635	0.721	0.799	0.871	0.938
355	359	0.055	0.115	0.181	0.254	0.333	0.417	0.503	0.588	0.67	0.747	0.818	0.883	0.943
355	360	0.131	0.227	0.311	0.388	0.462	0.535	0.609	0.687	0.771	0.869
360	461	0.101	0.185	0.259	0.326	0.389	0.45	0.509	0.566	0.622	0.677	0.73	0.781	0.83	0.876	0.92	0.96
361	461	0.039	0.079	0.119	0.16	0.201	0.242	0.284	0.326	0.368	0.411	0.454	0.498	0.542	0.587	0.633	0.68	0.728	0.778	0.829	0.883	0.939
359	361	0.136	0.246	0.336	0.415	0.488	0.557	0.624	0.692	0.76	0.832	0.91
361	365	0.078	0.147	0.209	0.268	0.323	0.377	0.43	0.481	0.533	0.584	0.636	0.689	0.744	0.801	0.861	0.926
333	334	0.106	0.223	0.347	0.474	0.6	0.719	0.826	0.919
334	335	0.075	0.158	0.249	0.346	0.445	0.545	0.643	0.739	0.831	0.918
333	342	0.108	0.213	0.318	0.423	0.53	0.639	0.752	0.872
335	342	0.073	0.163	0.278	0.425	0.584	0.722	0.832	0.923
335	439	0.079	0.165	0.256	0.355	0.462	0.578	0.705	0.845
429	439	0.083	0.174	0.274	0.379	0.487	0.592	0.69	0.78	0.861	0.933
420	429	0.057	0.115	0.174	0.234	0.297	0.362	0.432	0.507	0.586	0.665	0.739	0.805	0.863	0.913	0.958
420	430	0.082	0.16	0.234	0.304	0.374	0.442	0.512	0.585	0.663	0.749	0.854
429	440	0.186	0.295	0.387	0.474	0.561	0.652	0.753	0.872
440	448	0.086	0.176	0.268	0.362	0.456	0.55	0.642	0.734	0.825	0.913
448	450	0.117	0.22	0.314	0.403	0.489	0.574	0.657	0.741	0.825	0.911
335	449	0.155	0.292	0.415	0.527	0.633	0.732	0.826	0.915
449	450	0.088	0.183	0.285	0.392	0.501	0.611	0.718	0.819	0.912
450	453	0.094	0.187	0.279	0.371	0.463	0.557	0.655	0.758	0.871
440	450	0.058	0.123	0.199	0.286	0.386	0.496	0.606	0.707	0.796	0.872	0.939
440	451	0.081	0.163	0.246	0.329	0.413	0.497	0.581	0.665	0.749	0.833	0.916
450	451	0.111	0.202	0.283	0.359	0.431	0.501	0.572	0.644	0.72	0.8	0.891
451	454	0.131	0.229	0.314	0.393	0.468	0.543	0.618	0.696	0.78	0.875
453	454	0.09	0.175	0.257	0.336	0.413	0.488	0.561	0.634	0.707	0.779	0.851	0.925
453	455	0.087	0.171	0.251	0.33	0.41	0.492	0.578	0.675	0.791
455	459	0.121	0.235	0.346	0.455	0.562	0.669	0.777	0.887
455	456	0.052	0.107	0.164	0.223	0.284	0.347	0.411	0.477	0.543	0.61	0.677	0.744	0.81	0.875	0.938
454	456	0.109	0.211	0.307	0.397	0.483	0.566	0.645	0.721	0.794	0.865	0.933
451	452	0.07	0.14	0.21	0.28	0.351	0.424	0.499	0.577	0.661	0.753	0.861
452	457	0.198	0.329	0.445	0.56	0.683	0.83
456	457	0.092	0.185	0.276	0.365	0.452	0.536	0.618	0.698	0.776	0.852	0.926
456	460	0.111	0.208	0.298	0.383	0.465	0.547	0.629	0.713	0.801	0.895
460	467	0.169	0.311	0.443	0.574	0.709	0.851
463	467	0.102	0.211	0.322	0.432	0.536	0.632	0.72	0.799	0.872	0.938
462	463	0.083	0.165	0.246	0.327	0.409	0.493	0.58	0.67	0.768	0.875
462	464	0.126	0.244	0.36	0.481	0.614	0.775
461	462	0.105	0.194	0.273	0.346	0.416	0.485	0.554	0.624	0.699	0.781	0.877
464	465	0.114	0.224	0.329	0.432	0.531	0.629	0.724	0.818	0.909
463	464	0.112	0.231	0.351	0.467	0.577	0.678	0.77	0.853	0.929
467	500	0.129	0.219	0.296	0.366	0.433	0.498	0.563	0.629	0.698	0.77	0.846	0.924
463	466	0.137	0.253	0.358	0.456	0.551	0.642	0.732	0.821	0.91
466	501	0.159	0.259	0.343	0.419	0.491	0.562	0.633	0.707	0.786	0.877
466	502	0.117	0.226	0.329	0.429	0.527	0.624	0.72	0.815	0.908
501	502	0.099	0.188	0.27	0.346	0.419	0.491	0.562	0.634	0.709	0.79	0.882
500	502	0.121	0.254	0.383	0.499	0.602	0.696	0.781	0.859	0.931
468	500	0.101	0.203	0.302	0.401	0.498	0.595	0.693	0.792	0.894
468	469	0.08	0.183	0.327	0.54	0.753	0.896
469	499	0.149	0.264	0.363	0.455	0.542	0.629	0.716	0.806	0.9
460	468	0.103	0.191	0.27	0.344	0.415	0.484	0.553	0.623	0.693	0.766	0.841	0.919
496	499	0.169	0.31	0.436	0.553	0.666	0.776	0.886
499	505	0.083	0.158	0.228	0.295	0.361	0.427	0.493	0.563	0.637	0.72	0.821
504	505	0.098	0.19	0.278	0.363	0.449	0.537	0.63	0.73	0.845
500	504	0.116	0.208	0.29	0.366	0.438	0.508	0.577	0.646	0.715	0.785	0.856	0.927
503	504	0.236	0.339	0.42	0.492	0.559	0.624	0.69	0.756	0.827	0.905
502	503	0.073	0.146	0.218	0.291	0.363	0.437	0.513	0.59	0.67	0.752	0.835	0.918
504	506	0.101	0.191	0.269	0.339	0.405	0.467	0.528	0.588	0.649	0.71	0.773	0.841	0.914
506	507	0.074	0.159	0.258	0.373	0.504	0.643	0.777	0.896
505	507	0.163	0.285	0.392	0.49	0.583	0.673	0.759	0.843	0.922
507	512	0.063	0.125	0.187	0.249	0.312	0.375	0.439	0.505	0.573	0.645	0.721	0.802	0.893
512	513	0.121	0.262	0.419	0.581	0.735	0.875
511	513	0.156	0.267	0.358	0.439	0.516	0.59	0.664	0.74	0.819	0.904
506	511	0.092	0.182	0.27	0.356	0.441	0.526	0.611	0.694	0.776	0.854	0.929
513	517	0.083	0.164	0.242	0.319	0.394	0.468	0.542	0.616	0.691	0.766	0.842	0.919
514	517	0.079	0.167	0.265	0.372	0.486	0.602	0.714	0.818	0.913
512	514	0.066	0.134	0.204	0.275	0.349	0.425	0.504	0.587	0.675	0.77	0.875
510	514	0.097	0.192	0.285	0.378	0.47	0.561	0.652	0.742	0.831	0.916
510	515	0.117	0.227	0.33	0.431	0.532	0.639	0.756	0.882
515	518	0.112	0.213	0.307	0.399	0.492	0.588	0.692	0.815
494	510	0.094	0.191	0.287	0.382	0.475	0.565	0.65	0.731	0.805	0.875	0.939
494	516	0.073	0.147	0.222	0.297	0.373	0.451	0.53	0.614	0.702	0.797	0.898
495	516	0.125	0.228	0.319	0.403	0.482	0.559	0.633	0.706	0.778	0.851	0.924
487	495	0.131	0.252	0.364	0.469	0.568	0.662	0.752	0.837	0.919
494	495	0.082	0.16	0.235	0.309	0.382	0.455	0.531	0.608	0.691	0.78	0.88
482	487	0.128	0.236	0.333	0.426	0.515	0.604	0.695	0.789	0.89
480	482	0.154	0.281	0.388	0.484	0.574	0.659	0.743	0.826	0.911
479	480	0.102	0.209	0.316	0.42	0.52	0.618	0.714	0.81	0.905
478	479	0.162	0.275	0.366	0.446	0.522	0.594	0.667	0.74	0.817	0.901
478	480	0.154	0.274	0.381	0.481	0.578	0.676	0.776	0.882
478	481	0.133	0.226	0.299	0.363	0.421	0.477	0.531	0.585	0.639	0.695	0.754	0.819	0.895
481	482	0.117	0.189	0.247	0.299	0.346	0.392	0.435	0.479	0.522	0.565	0.61	0.658	0.709	0.766	0.838
481	485	0.187	0.34	0.478	0.608	0.735	0.865
485	486	0.186	0.431	0.727
486	487	0.052	0.106	0.161	0.217	0.274	0.334	0.396	0.461	0.53	0.603	0.682	0.77	0.872
486	493	0.081	0.158	0.231	0.302	0.371	0.439	0.506	0.574	0.641	0.709	0.778	0.849	0.922
493	494	0.107	0.18	0.242	0.297	0.348	0.397	0.444	0.491	0.537	0.583	0.63	0.678	0.728	0.782	0.84	0.909
493	509	0.061	0.128	0.2	0.278	0.361	0.45	0.543	0.639	0.735	0.828	0.917
508	509	0.094	0.18	0.261	0.34	0.417	0.495	0.575	0.659	0.75	0.856
498	508	0.092	0.236	0.517	0.73	0.849	0.933
497	498	0.12	0.213	0.294	0.37	0.443	0.515	0.589	0.666	0.75	0.85
493	498	0.116	0.218	0.306	0.385	0.459	0.528	0.596	0.661	0.727	0.792	0.859	0.927
492	493	0.168	0.316	0.443	0.556	0.659	0.752	0.84	0.921
484	492	0.085	0.192	0.33	0.495	0.647	0.766	0.859	0.935
484	485	0.105	0.209	0.31	0.41	0.508	0.604	0.697	0.784	0.863	0.935
477	484	0.072	0.16	0.271	0.41	0.559	0.688	0.789	0.871	0.94
477	481	0.122	0.233	0.34	0.447	0.558	0.678	0.819
476	477	0.09	0.187	0.29	0.396	0.504	0.61	0.715	0.816	0.911
476	483	0.094	0.207	0.344	0.511	0.693	0.86
483	484	0.093	0.204	0.331	0.468	0.61	0.75	0.882
483	488	0.127	0.227	0.316	0.399	0.48	0.561	0.645	0.736	0.842
475	483	0.094	0.184	0.271	0.358	0.448	0.542	0.647	0.773
474	475	0.066	0.137	0.214	0.298	0.389	0.49	0.602	0.727	0.863
473	474	0.117	0.217	0.307	0.391	0.472	0.554	0.639	0.731	0.84
472	473	0.066	0.149	0.26	0.431	0.678	0.872
472	489	0.133	0.265	0.399	0.536	0.68	0.836
474	489	0.174	0.319	0.433	0.534	0.631	0.726	0.821	0.913
474	488	0.161	0.309	0.442	0.565	0.68	0.79	0.896
488	492	0.107	0.218	0.334	0.454	0.579	0.71	0.849
488	491	0.072	0.145	0.221	0.297	0.376	0.456	0.541	0.631	0.731	0.848
491	498	0.122	0.224	0.318	0.407	0.497	0.591	0.693	0.815
490	491	0.11	0.201	0.282	0.358	0.429	0.499	0.567	0.634	0.703	0.772	0.843	0.918
489	490	0.097	0.199	0.303	0.408	0.512	0.617	0.721	0.821	0.914
470	490	0.136	0.256	0.36	0.453	0.541	0.627	0.714	0.802	0.896
470	471	0.072	0.157	0.259	0.384	0.537	0.707	0.867
471	472	0.063	0.137	0.224	0.329	0.457	0.608	0.761	0.892
458	471	0.123	0.287	0.488	0.667	0.805	0.911
452	458	0.059	0.12	0.184	0.25	0.319	0.39	0.466	0.545	0.629	0.716	0.808	0.903
470	496	0.097	0.203	0.314	0.426	0.536	0.642	0.741	0.834	0.919
496	497	0.043	0.088	0.136	0.187	0.241	0.298	0.359	0.424	0.493	0.567	0.645	0.728	0.815	0.906
490	497	0.099	0.208	0.326	0.45	0.575	0.695	0.807	0.908
447	475	0.134	0.26	0.381	0.499	0.618	0.74	0.867
444	447	0.178	0.323	0.45	0.568	0.68	0.788	0.894
444	445	0.103	0.195	0.282	0.364	0.443	0.52	0.596	0.669	0.741	0.81	0.876	0.939
435	445	0.096	0.2	0.308	0.42	0.531	0.638	0.74	0.833	0.92
445	446	0.043	0.091	0.143	0.201	0.264	0.334	0.411	0.493	0.578	0.661	0.74	0.814	0.881	0.943
436	446	0.102	0.225	0.369	0.523	0.669	0.797	0.906
436	437	0.083	0.168	0.254	0.342	0.432	0.525	0.623	0.729	0.849
437	438	0.077	0.16	0.251	0.351	0.465	0.602	0.781
428	438	0.131	0.226	0.309	0.386	0.46	0.535	0.614	0.7	0.804
417	428	0.191	0.369	0.525	0.659	0.768	0.858	0.934
427	428	0.059	0.125	0.199	0.28	0.372	0.473	0.582	0.695	0.805	0.907
427	436	0.156	0.289	0.408	0.518	0.622	0.721	0.817	0.91
407	427	0.122	0.243	0.35	0.446	0.533	0.615	0.694	0.77	0.846	0.922
406	407	0.156	0.284	0.396	0.499	0.595	0.687	0.774	0.855	0.93
405	406	0.15	0.271	0.367	0.451	0.527	0.599	0.667	0.733	0.799	0.864	0.93
405	415	0.223	0.361	0.475	0.577	0.67	0.758	0.842	0.922
407	415	0.031	0.064	0.1	0.139	0.18	0.226	0.276	0.332	0.393	0.463	0.539	0.622	0.706	0.789	0.866	0.936
415	425	0.087	0.198	0.345	0.529	0.697	0.824	0.92
415	426	0.164	0.346	0.526	0.695	0.853
426	427	0.075	0.147	0.216	0.283	0.348	0.411	0.474	0.537	0.601	0.667	0.737	0.812	0.896
426	435	0.133	0.304	0.481	0.641	0.779	0.897
425	434	0.1	0.209	0.326	0.452	0.584	0.721	0.861
434	435	0.131	0.221	0.297	0.366	0.431	0.496	0.56	0.625	0.694	0.77	0.86
434	444	0.107	0.239	0.392	0.549	0.691	0.811	0.913
433	444	0.078	0.169	0.274	0.389	0.505	0.613	0.709	0.795	0.87	0.938
433	443	0.088	0.194	0.326	0.494	0.685	0.86
443	447	0.163	0.246	0.313	0.374	0.43	0.485	0.539	0.593	0.65	0.71	0.777	0.858
432	443	0.064	0.131	0.2	0.272	0.345	0.42	0.496	0.572	0.649	0.724	0.798	0.869	0.936
432	433	0.057	0.112	0.166	0.218	0.271	0.323	0.376	0.429	0.483	0.539	0.597	0.658	0.724	0.797	0.883
424	433	0.117	0.214	0.3	0.381	0.458	0.533	0.607	0.68	0.755	0.832	0.913
414	424	0.097	0.235	0.429	0.607	0.728	0.817	0.888	0.947
413	414	0.114	0.225	0.336	0.448	0.565	0.69	0.829
413	424	0.098	0.199	0.303	0.409	0.519	0.634	0.753	0.875
423	424	0.083	0.164	0.245	0.326	0.409	0.496	0.59	0.695	0.822
423	432	0.08	0.169	0.264	0.368	0.478	0.597	0.726	0.863
431	432	0.076	0.145	0.208	0.268	0.325	0.38	0.434	0.487	0.539	0.592	0.645	0.699	0.754	0.81	0.869	0.932
431	442	0.102	0.197	0.283	0.365	0.443	0.518	0.593	0.668	0.745	0.824	0.908
432	442	0.114	0.219	0.316	0.406	0.491	0.571	0.648	0.723	0.795	0.864	0.932
441	442	0.062	0.123	0.183	0.242	0.3	0.358	0.416	0.474	0.533	0.593	0.654	0.716	0.781	0.849	0.921
430	441	0.07	0.147	0.233	0.327	0.432	0.545	0.664	0.783	0.896
430	431	0.046	0.097	0.152	0.211	0.276	0.345	0.418	0.495	0.574	0.653	0.731	0.804	0.874	0.939
421	431	0.097	0.202	0.313	0.427	0.539	0.647	0.746	0.838	0.922
422	431	0.1	0.214	0.331	0.442	0.546	0.642	0.73	0.809	0.879	0.942
422	423	0.056	0.121	0.195	0.282	0.38	0.485	0.59	0.689	0.779	0.861	0.933
412	422	0.063	0.137	0.226	0.334	0.46	0.588	0.702	0.797	0.875	0.941
412	413	0.06	0.129	0.209	0.306	0.422	0.554	0.69	0.812	0.914
403	413	0.103	0.203	0.301	0.398	0.494	0.591	0.689	0.789	0.892
403	404	0.109	0.229	0.356	0.488	0.623	0.758	0.886
404	405	0.081	0.17	0.266	0.37	0.483	0.603	0.731	0.864
391	405	0.084	0.184	0.304	0.443	0.59	0.723	0.833	0.923
395	407	0.089	0.188	0.297	0.415	0.539	0.663	0.783	0.895
393	395	0.401	0.564	0.683	0.779	0.861	0.933
393	394	0.107	0.251	0.473	0.779
383	394	0.132	0.309	0.53	0.73	0.882
382	383	0.112	0.213	0.296	0.369	0.436	0.499	0.56	0.621	0.683	0.747	0.817	0.896
382	393	0.112	0.201	0.278	0.348	0.415	0.48	0.545	0.609	0.676	0.745	0.82	0.902
392	393	0.036	0.075	0.116	0.159	0.205	0.253	0.303	0.357	0.413	0.471	0.532	0.593	0.656	0.718	0.778	0.837	0.894	0.948
381	392	0.173	0.414	0.617	0.752	0.852	0.932
381	382	0.111	0.198	0.274	0.343	0.409	0.473	0.536	0.6	0.665	0.734	0.808	0.892
380	382	0.124	0.235	0.336	0.432	0.524	0.615	0.706	0.799	0.896
380	381	0.089	0.204	0.357	0.554	0.741	0.886
379	381	0.069	0.143	0.222	0.306	0.394	0.485	0.577	0.668	0.758	0.843	0.924
379	391	0.184	0.301	0.398	0.487	0.571	0.652	0.733	0.817	0.904
391	392	0.061	0.123	0.184	0.245	0.306	0.368	0.43	0.493	0.557	0.623	0.691	0.761	0.835	0.914
389	391	0.082	0.159	0.229	0.295	0.357	0.417	0.473	0.528	0.581	0.632	0.681	0.73	0.777	0.823	0.868	0.913	0.956
389	403	0.081	0.171	0.261	0.348	0.432	0.516	0.603	0.698	0.813
402	403	0.045	0.095	0.15	0.214	0.287	0.372	0.47	0.576	0.682	0.779	0.863	0.935
401	402	0.123	0.238	0.345	0.445	0.539	0.627	0.71	0.788	0.862	0.932
401	412	0.109	0.202	0.286	0.366	0.444	0.521	0.6	0.682	0.771	0.872
398	401	0.054	0.114	0.18	0.254	0.336	0.43	0.535	0.651	0.772	0.89
398	422	0.13	0.241	0.34	0.434	0.527	0.623	0.727	0.847
398	421	0.122	0.211	0.288	0.358	0.424	0.488	0.551	0.614	0.679	0.746	0.819	0.9
411	421	0.131	0.26	0.384	0.504	0.62	0.729	0.829	0.919
400	411	0.089	0.193	0.301	0.405	0.503	0.594	0.678	0.756	0.826	0.89	0.947
398	400	0.072	0.147	0.225	0.305	0.388	0.473	0.56	0.648	0.737	0.825	0.913
399	411	0.073	0.148	0.227	0.308	0.392	0.479	0.568	0.658	0.748	0.835	0.919
411	420	0.068	0.139	0.213	0.288	0.365	0.443	0.523	0.603	0.684	0.764	0.843	0.922
419	420	0.055	0.119	0.191	0.272	0.363	0.457	0.548	0.63	0.703	0.767	0.823	0.874	0.919	0.96
410	419	0.108	0.22	0.33	0.433	0.525	0.608	0.681	0.747	0.806	0.86	0.91	0.956
399	410	0.088	0.193	0.314	0.445	0.578	0.699	0.798	0.878	0.943
396	399	0.059	0.124	0.197	0.276	0.361	0.451	0.543	0.635	0.723	0.803	0.876	0.941
396	408	0.071	0.157	0.265	0.407	0.584	0.758	0.895
408	410	0.113	0.214	0.307	0.397	0.487	0.58	0.681	0.801
409	419	0.156	0.297	0.426	0.548	0.665	0.778	0.889
418	419	0.102	0.208	0.316	0.428	0.545	0.671	0.813
321	418	0.105	0.224	0.351	0.477	0.594	0.697	0.788	0.867	0.936
321	409	0.142	0.255	0.357	0.453	0.55	0.652	0.762	0.882
385	400	0.118	0.24	0.36	0.471	0.574	0.67	0.759	0.843	0.923
399	400	0.067	0.141	0.221	0.307	0.397	0.49	0.583	0.674	0.762	0.846	0.925
384	385	0.099	0.206	0.322	0.45	0.594	0.767
384	397	0.336	0.47	0.578	0.675	0.763	0.846	0.925
373	384	0.298	0.512	0.692	0.852
374	384	0.113	0.275	0.482	0.652	0.773	0.864	0.937
374	385	0.123	0.297	0.512	0.685	0.814	0.915
385	386	0.076	0.164	0.262	0.366	0.468	0.562	0.646	0.721	0.788	0.848	0.902	0.952
386	387	0.151	0.269	0.372	0.466	0.557	0.645	0.733	0.821	0.91
387	388	0.087	0.175	0.262	0.349	0.436	0.527	0.627	0.752
388	389	0.113	0.204	0.285	0.361	0.435	0.508	0.582	0.658	0.738	0.823	0.911
389	390	0.09	0.184	0.281	0.383	0.489	0.603	0.727	0.86
379	390	0.208	0.321	0.416	0.503	0.587	0.673	0.763	0.865
378	379	0.112	0.201	0.281	0.356	0.429	0.502	0.577	0.657	0.746	0.853
377	390	0.078	0.167	0.269	0.383	0.505	0.625	0.736	0.834	0.921
377	378	0.059	0.129	0.214	0.321	0.46	0.628	0.785	0.906
376	377	0.039	0.08	0.124	0.17	0.218	0.27	0.324	0.381	0.44	0.502	0.566	0.631	0.697	0.761	0.825	0.885	0.943
377	388	0.071	0.147	0.226	0.311	0.399	0.492	0.589	0.69	0.792	0.896
375	376	0.228	0.364	0.479	0.584	0.686	0.787	0.89
376	386	0.072	0.158	0.264	0.391	0.533	0.679	0.809	0.915
303	309	0.073	0.155	0.246	0.346	0.453	0.561	0.666	0.763	0.85	0.928
322	327	0.108	0.218	0.33	0.446	0.567	0.697	0.839
327	337	0.112	0.221	0.327	0.433	0.542	0.659	0.795
347	348	0.091	0.172	0.247	0.319	0.39	0.461	0.534	0.611	0.698	0.803
374	375	0.06	0.124	0.194	0.267	0.345	0.426	0.508	0.59	0.669	0.744	0.814	0.88	0.941
459	460	0.083	0.162	0.235	0.306	0.375	0.443	0.509	0.576	0.642	0.71	0.778	0.849	0.922
416	417	0.132	0.271	0.415	0.563	0.714	0.862
416	427	0.138	0.247	0.343	0.431	0.514	0.595	0.674	0.753	0.832	0.914
435	436	0.051	0.104	0.156	0.209	0.263	0.317	0.373	0.43	0.488	0.548	0.61	0.676	0.746	0.821	0.904
515	516	0.135	0.23	0.313	0.39	0.465	0.54	0.619	0.706	0.81
517	518	0.137	0.235	0.317	0.392	0.463	0.531	0.599	0.668	0.74	0.816	0.901
430	440	0.195	0.303	0.389	0.466	0.539	0.609	0.679	0.751	0.826	0.907
440	441	0.063	0.127	0.191	0.256	0.32	0.386	0.452	0.52	0.592	0.669	0.754	0.856
325	520	0.116	0.225	0.328	0.427	0.523	0.617	0.711	0.805	0.9
419	519	0.182	0.341	0.47	0.587	0.705	0.833
463	521	0.101	0.218	0.351	0.495	0.638	0.772	0.892
