4030	4033	1920	1039	1961	1075	2115	1109
4002	4003	734	162
4003	4004	870	224	1047	366
4004	4038	1170	268	1378	221
4004	4005	1218	393
4038	4039	1529	192	1598	284
4039	4040	1788	340	1861	502
4031	4040	2084	720	2022	566
4030	4031	1967	954	1997	823
4005	4006	1275	604	1313	684
4006	4007	1424	771	1533	797
4007	4008	1626	864	1599	971
4005	4013	1201	682	943	699
4013	4014	769	710	638	704	561	755
4014	4016	388	820	318	961
4013	4025	924	804	1111	848
4024	4025	1017	1070	1148	1009	
4015	4024	740	1027	884	1048	
4015	4016	649	1024	428	982
4023	4024	893	1288	879	1108
4022	4023	945	1466	979	1367
4020	4022	661	1485	809	1467
4018	4020	529	1448
4018	4019	339	1483	297	1594
4019	4020	425	1663	522	1619	554	1566
4020	4021	680	1568	721	1663
4021	4022	902	1620	926	1531
4023	4026	1004	1365	1152	1402
4008	4025	1401	986	1255	1005
4008	4009	1432	1072	1438	1157
4009	4026	1387	1280	1320	1349
4008	4030	1604	1033	1676	1056	1761	1073
4009	4027	1483	1220	1651	1234
4009	4010	1448	1324	1569	1410
4010	4028	1542	1475	1547	1564	1628	1617
4010	4011	1616	1495	1698	1507	1871	1480
4011	4029	1997	1491	2062	1374
4011	4012	2013	1599	2248	1604
4012	4029	2293	1516	2244	1433	2186	1364
4029	4036	2194	1300	2387	1291
4012	4036	2453	1464	2517	1348	2488	1282
4035	4037	2724	1241	2710	1399
4012	4037	2391	1574	2549	1549
4035	4036	2589	1170 	2445	1195
4032	4033	2256	918	2234	1024
4032	4041	2258	822	2257	626
4041	4044	2336	505	2455	418
4044	4045	2424	317	2427	246
4042	4044	2661	511 2601	420
4041	4042	2394	645	2594	621
4042	4043	2718	591	2801	703
4032	4034	2366	912	2517	892
4034	4043	2660	910	2782	820
4034	4035	2651	962	2710	1046	2697	1161
