4030	4033	0.216	0.302	0.371	0.433	0.491	0.547	0.604	0.662	0.722	0.787	0.857	0.93
4002	4003	0.056	0.115	0.177	0.241	0.31	0.382	0.459	0.542	0.634	0.736	0.854
4003	4004	0.147	0.212	0.262	0.304	0.343	0.38	0.416	0.451	0.486	0.521	0.557	0.595	0.636	0.681	0.734	0.806	0.897	0.957
4004	4038	0.1	0.212	0.275	0.325	0.369	0.41	0.45	0.488	0.526	0.565	0.604	0.647	0.693	0.746	0.816	0.925
4004	4005	0.099	0.199	0.297	0.394	0.489	0.581	0.671	0.757	0.84	0.921
4038	4039	0.062	0.135	0.217	0.3	0.379	0.456	0.531	0.607	0.682	0.757	0.829	0.893	0.95
4039	4040	0.064	0.184	0.261	0.317	0.367	0.412	0.456	0.5	0.546	0.594	0.65	0.721	0.822	0.891	0.936	0.97
4031	4040	0.072	0.165	0.253	0.325	0.386	0.442	0.493	0.542	0.589	0.635	0.681	0.728	0.775	0.824	0.876	0.933
4030	4031	0.063	0.136	0.211	0.28	0.343	0.404	0.462	0.522	0.583	0.651	0.731	0.857
4005	4006	0.172	0.292	0.394	0.488	0.581	0.678	0.782	0.892
4006	4007	0.142	0.256	0.345	0.425	0.501	0.579	0.664	0.772
4007	4008	0.078	0.183	0.273	0.349	0.419	0.487	0.559	0.641	0.746	0.847	0.913	0.96
4005	4013	0.03	0.067	0.117	0.179	0.238	0.287	0.328	0.365	0.4	0.433	0.465	0.496	0.526	0.557	0.589	0.621	0.655	0.692	0.733	0.781	0.849	0.942
4013	4014	0.046	0.096	0.149	0.205	0.263	0.321	0.379	0.437	0.494	0.553	0.612	0.674	0.739	0.811	0.894
4014	4016	0.106	0.185	0.249	0.306	0.359	0.411	0.462	0.513	0.566	0.624	0.687	0.763	0.854	0.937
4013	4025	0.096	0.209	0.278	0.333	0.383	0.428	0.472	0.515	0.557	0.6	0.643	0.686	0.729	0.772	0.813	0.852	0.887	0.919	0.948	0.974
4024	4025	0.129	0.216	0.284	0.344	0.4	0.455	0.511	0.57	0.636	0.719	0.844	0.941
4015	4024	0.152	0.259	0.335	0.4	0.461	0.52	0.58	0.644	0.716	0.812
4015	4016	0.069	0.213	0.275	0.322	0.364	0.402	0.439	0.474	0.509	0.543	0.579	0.616	0.656	0.701	0.754	0.832	0.943
4023	4024	0.06	0.164	0.253	0.316	0.37	0.419	0.465	0.511	0.557	0.605	0.657	0.718	0.802	0.932
4022	4023	0.11	0.215	0.306	0.388	0.465	0.542	0.622	0.711	0.823
4020	4022	0.154	0.256	0.33	0.394	0.453	0.51	0.567	0.627	0.69	0.764	0.861
4018	4020	0.103	0.21	0.32	0.431	0.544	0.659	0.773	0.886
4018	4019	0.141	0.242	0.324	0.398	0.47	0.543	0.623	0.72	0.873
4019	4020	0.045	0.097	0.157	0.225	0.299	0.376	0.454	0.53	0.608	0.687	0.774	0.874
4020	4021	0.103	0.218	0.317	0.404	0.488	0.574	0.671	0.791	0.916
4021	4022	0.057	0.12	0.19	0.266	0.346	0.43	0.519	0.616	0.731	0.873
4023	4026	0.147	0.247	0.319	0.381	0.438	0.492	0.545	0.599	0.655	0.715	0.784	0.872
4008	4025	0.059	0.121	0.183	0.244	0.304	0.362	0.419	0.477	0.535	0.596	0.661	0.733	0.816	0.91
4008	4009	0.03	0.064	0.101	0.142	0.189	0.242	0.305	0.378	0.464	0.567	0.692	0.828	0.929
4009	4026	0.132	0.253	0.356	0.449	0.536	0.621	0.707	0.795	0.891
4008	4030	0.037	0.078	0.122	0.17	0.224	0.284	0.352	0.429	0.512	0.594	0.671	0.739	0.801	0.857	0.908	0.955
4009	4027	0.158	0.233	0.294	0.35	0.401	0.451	0.499	0.548	0.598	0.651	0.707	0.771	0.852
4009	4010	0.071	0.141	0.207	0.267	0.324	0.379	0.433	0.487	0.542	0.601	0.666	0.744	0.857
4010	4028	0.063	0.162	0.288	0.384	0.461	0.532	0.6	0.668	0.742	0.83
4010	4011	0.086	0.225	0.308	0.371	0.426	0.475	0.522	0.567	0.611	0.656	0.7	0.745	0.792	0.841	0.892	0.945
4011	4029	0.22	0.309	0.382	0.449	0.512	0.576	0.642	0.712	0.793	0.891
4011	4012	0.059	0.17	0.245	0.299	0.343	0.383	0.42	0.455	0.489	0.523	0.556	0.59	0.624	0.66	0.698	0.739	0.785	0.841	0.917
4012	4029	0.107	0.202	0.283	0.354	0.421	0.486	0.551	0.617	0.688	0.768	0.868
4029	4036	0.11	0.224	0.288	0.34	0.387	0.431	0.473	0.515	0.557	0.601	0.649	0.702	0.771	0.914
4012	4036	0.044	0.09	0.137	0.186	0.236	0.288	0.342	0.399	0.458	0.522	0.592	0.67	0.758	0.85	0.932
4035	4037	0.106	0.202	0.275	0.336	0.391	0.444	0.495	0.546	0.598	0.653	0.713	0.783	0.879
4012	4037	0.127	0.252	0.329	0.392	0.448	0.5	0.551	0.6	0.649	0.7	0.752	0.807	0.866	0.931
4035	4036	0.173	0.254	0.32	0.381	0.439	0.497	0.556	0.62	0.692	0.784	0.909
4032	4033	0.08	0.185	0.287	0.375	0.455	0.532	0.611	0.697	0.799	0.911
4032	4041	0.073	0.171	0.243	0.299	0.347	0.392	0.434	0.475	0.515	0.556	0.597	0.641	0.689	0.743	0.813	0.916
4041	4044	0.139	0.243	0.32	0.384	0.444	0.5	0.555	0.609	0.666	0.726	0.792	0.872
4044	4045	0.041	0.088	0.141	0.203	0.277	0.369	0.479	0.597	0.707	0.809	0.905
4042	4044	0.197	0.305	0.392	0.472	0.549	0.628	0.714	0.818
4041	4042	0.063	0.145	0.218	0.277	0.329	0.376	0.419	0.462	0.503	0.544	0.586	0.629	0.675	0.726	0.785	0.866
4042	4043	0.18	0.273	0.343	0.405	0.464	0.521	0.579	0.64	0.71	0.802
4032	4034	0.114	0.253	0.335	0.402	0.461	0.518	0.573	0.629	0.688	0.752	0.825	0.912
4034	4043	0.213	0.295	0.359	0.417	0.472	0.526	0.58	0.636	0.697	0.767	0.862
4034	4035	0.123	0.225	0.301	0.366	0.426	0.484	0.542	0.603	0.669	0.748	0.867
