9316	9321	1554	1300	1602	1312	1647	1345	1693	1372	1731	1416
9301	9303	650	322	669	394	676	455
9301	9302	532	319	457	373	391	429
9302	9304	303	575	296	621	292	669	297	716
9304	9305	410	854	483	875	575	893
9305	9306	643	983	579	1016	491	1056
9306	9307	497	1135	545	1156	600	1183
9305	9308	810	958	847	989	893	1029	935	1054
9307	9309	725	1341	729	1391	731	1445
9307	9310	814	1262	866	1285	918	1314	972	1364
9311	9312	1235	275	1231	320	1212	366	1172	412
9303	9312	812	510	887	502	950	497	1012	489
9303	9313	776	612	829	640	897	676
9313	9314	1104	745	1160	739	1214	720	1270	693	1320	654
9308	9315	1145	1106	1210	1104	1268	1070	1318	1020
9310	9316	1189	1408	1239	1385	1289	1362	1352	1333
9314	9317	1439	495	1458	443	1489	381	1541	322
9317	9318	1654	312	1668	356	1695	414
9318	9323	1825	522	1893	527	1954	518	2018	518
9320	9324	1752	1060	1814	1062	1885	1041
9318	9322	1831	410	1883	358	1922	327
9321	9326	1887	1529	1931	1543	1987	1556	2077	1562
9326	9334	2304	1500	2375	1483	2443	1475	2541	1472	2625	1489
9324	9325	2106	1062	2145	1102	2179	1147
9325	9326	2204	1356	2195	1414	2193	1460
9322	9327	2087	314	2131	325	2183	325	2258	316
9324	9330	2106	964	2160	933	2210	875
9329	9330	2469	647	2422	680	2361	716
9328	9329	2686	383	2639	419	2583	494
9327	9328	2502	275	2569	286	2647	297
9329	9331	2639	669	2691	713	2747	780
9331	9333	2750	1011	2722	1072	2686	1147
9332	9333	2541	1106	2571	1151	2596	1188
9329	9332	2568	725	2545	791	2526	856	2508	906
9323	9327	2208	497	2295	435	2360	366
9319	9323	1856	730	1950	698	2038	641
9333	9334