9316	9321	0.038	0.081	0.129	0.183	0.245	0.318	0.401	0.491	0.581	0.664	0.737	0.802	0.859	0.91	0.956
9301	9303	0.038	0.081	0.13	0.184	0.247	0.321	0.407	0.507	0.614	0.717	0.806	0.881	0.944
9301	9302	0.039	0.081	0.127	0.177	0.231	0.29	0.353	0.421	0.494	0.569	0.646	0.723	0.798	0.87	0.937
9302	9304	0.053	0.115	0.187	0.273	0.377	0.499	0.623	0.73	0.816	0.886	0.946
9304	9305	0.055	0.117	0.184	0.258	0.337	0.419	0.5	0.576	0.646	0.711	0.769	0.823	0.872	0.917	0.959
9305	9306	0.053	0.113	0.181	0.256	0.338	0.423	0.506	0.586	0.661	0.73	0.794	0.852	0.905	0.954
9306	9307	0.051	0.111	0.183	0.272	0.385	0.519	0.644	0.745	0.826	0.892	0.949
9305	9308	0.039	0.083	0.133	0.191	0.259	0.341	0.44	0.552	0.663	0.758	0.835	0.898	0.952
9307	9309	0.051	0.112	0.186	0.28	0.403	0.551	0.686	0.791	0.874	0.942
9307	9310	0.033	0.07	0.112	0.16	0.218	0.289	0.377	0.479	0.579	0.665	0.737	0.796	0.847	0.892	0.931	0.966
9311	9312	0.06	0.129	0.207	0.298	0.401	0.509	0.609	0.696	0.771	0.837	0.896	0.949
9303	9312	0.044	0.092	0.145	0.203	0.267	0.336	0.412	0.492	0.574	0.657	0.737	0.812	0.881	0.943
9303	9313	0.055	0.12	0.196	0.284	0.385	0.489	0.585	0.67	0.743	0.807	0.863	0.912	0.957
9313	9314	0.039	0.083	0.132	0.187	0.249	0.319	0.398	0.48	0.56	0.632	0.697	0.754	0.805	0.85	0.892	0.93	0.966
9308	9315	0.038	0.08	0.124	0.173	0.227	0.286	0.353	0.428	0.509	0.591	0.669	0.739	0.802	0.858	0.909	0.955
9310	9316	0.043	0.091	0.146	0.211	0.286	0.374	0.472	0.571	0.661	0.738	0.805	0.863	0.913	0.958
9314	9317	0.056	0.119	0.191	0.273	0.362	0.453	0.54	0.618	0.687	0.747	0.8	0.847	0.89	0.929	0.965
9317	9318	0.059	0.129	0.211	0.312	0.435	0.569	0.691	0.791	0.873	0.94
9318	9323	0.048	0.104	0.168	0.242	0.325	0.414	0.503	0.588	0.667	0.739	0.803	0.86	0.911	0.957
9320	9324	0.054	0.118	0.194	0.286	0.395	0.505	0.603	0.686	0.756	0.816	0.869	0.916	0.959
9318	9322	0.044	0.093	0.149	0.214	0.29	0.382	0.489	0.605	0.712	0.803	0.879	0.943
9321	9326	0.045	0.096	0.155	0.225	0.307	0.401	0.499	0.589	0.664	0.727	0.78	0.827	0.868	0.905	0.939	0.97
9326	9334	0.042	0.086	0.133	0.183	0.235	0.289	0.345	0.4	0.456	0.511	0.564	0.616	0.666	0.714	0.76	0.804	0.847	0.887	0.926	0.963
9324	9325	0.049	0.106	0.172	0.251	0.351	0.476	0.61	0.724	0.814	0.886	0.946
9325	9326	0.043	0.092	0.148	0.216	0.3	0.408	0.543	0.682	0.792	0.876	0.943
9322	9327	0.046	0.099	0.162	0.238	0.332	0.442	0.549	0.638	0.709	0.768	0.818	0.862	0.901	0.936	0.969
9324	9330	0.056	0.12	0.192	0.275	0.369	0.472	0.575	0.67	0.754	0.826	0.89	0.947
9329	9330	0.052	0.114	0.186	0.274	0.379	0.496	0.607	0.703	0.782	0.848	0.905	0.954
9328	9329	0.052	0.11	0.174	0.245	0.322	0.407	0.496	0.587	0.674	0.754	0.826	0.89	0.947
9327	9328	0.048	0.103	0.165	0.236	0.317	0.408	0.506	0.602	0.691	0.77	0.838	0.898	0.951
9329	9331	0.044	0.092	0.146	0.206	0.274	0.349	0.433	0.522	0.612	0.696	0.772	0.839	0.898	0.951
9331	9333	0.035	0.075	0.118	0.167	0.223	0.288	0.363	0.45	0.544	0.637	0.721	0.793	0.855	0.909	0.956
9332	9333	0.046	0.098	0.16	0.234	0.327	0.447	0.592	0.73	0.841	0.928
9329	9332	0.029	0.061	0.096	0.136	0.18	0.231	0.29	0.359	0.44	0.529	0.621	0.709	0.786	0.853	0.908	0.956
9323	9327	0.072	0.141	0.206	0.27	0.333	0.396	0.458	0.522	0.586	0.652	0.719	0.789	0.859	0.93
9319	9323	0.038	0.08	0.124	0.171	0.222	0.276	0.334	0.395	0.458	0.522	0.586	0.647	0.706	0.761	0.814	0.864	0.911	0.956
9333	9334	0.099	0.199	0.299	0.399	0.499	0.599	0.699	0.799	0.899
