11	15	1004	663	1052	653	1093	639	1129	640	1169	628	1219	604
2	3	346	267	363	248	384	233	410	210	432	188	
2	6	355	344	380	365	411	389	467	395	
2	16	305	344	273	365	238	389	217	419	
3	4	488	143	531	130	578	118	626	123	
4	5	732	146	789	144	844	153	894	172	946	198	
5	7	938	262	895	301	835	330	
5	14	1021	267	1054	301	1100	332	1144	353	
6	7	568	380	600	367	648	357	685	349	715	350	
7	10	750	405	761	439	788	461	823	483	870	491	911	487	
8	16	264	617	224	604	183	579	173	556	166	534	167	502	
8	9	428	612	477	597	524	584	568	570	627	578	671	597	681	626	
9	11	719	672	755	689	807	710	847	698	903	686	
10	11	1015	494	1019	529	1020	590	1002	632	
11	12	999	707	1036	728	1080	745	1124	757	
13	14	1251	242	1239	277	1223	319	
14	15	1241	401	1262	447	1278	521		
