113	120	461	249	435	277	408	330	388	373	351	396	298	418	245	422
104	106	1599	1046	1591	994	1588	937	1595	908	
106	107	1618	802	1634	758	1659	720	
107	108	1702	650	1734	637	1765	611	1790	585	1808	544	
108	109	1790	461	1769	417	1735	388	1714	365	
109	110	1631	322	1586	307	1537	296	1499	289	
110	111	1389	272	1343	272	1288	278	1229	282	
111	112	1101	317	1042	319	988	314	947	303	907	286	
112	113	819	240	762	230	707	215	653	211	601	211	
111	116	1161	341	1149	387	1140	434	1101	480	1054	520	1014	539	
104	114	1596	1041	1564	1015	1524	993	1488	976	1435	959	1397	949	
114	115	1282	907	1240	884	1194	862	1166	851	
115	116	1084	800	1054	772	1017	724	986	667	971	615	
112	116	889	319	914	361	932	400	949	462	957	520	
116	117	917	574	864	580	815	576	764	575	
117	120	613	552	539	532	467	490	398	453	313	441	215	438	
105	118	423	986	474	962	521	921	558	880	
118	119	556	759	539	711	523	670	507	643	
119	120	441	567	397	538	349	506	282	481	224	455		
