25	27	847	590	811	573	780	575	749	560	709	565	668	598	637	588	606	557	561	532	528	551	498	554	456	536
17	18	452	329	387	352	319	340	265	317	213	279	214	245	
17	27	493	328	491	380	464	419	431	460	
17	28	635	274	686	286	738	310	791	313	
19	34	1436	1054	1371	1074	1301	1080	1241	1082	1176	1085	1135	1083	
19	35	1559	994	1613	972	1646	948	1638	903	1606	873	1572	855	
19	37	1579	984	1625	964	1665	939	1709	916	1741	887	
20	36	1720	362	1723	415	1751	448	1783	476	1801	514	1788	565	
21	25	914	686	874	668	850	654	882	637	908	623	878	605	847	584	877	572	
21	26	989	753	1039	778	1089	780	1137	763	1178	734	
22	25	1145	521	1083	535	1021	550	990	534	963	521	931	544	
22	26	1251	572	1278	614	1290	635	1248	664	1227	676	
23	26	1171	858	1154	811	1155	770	
23	32	1155	931	1078	929	1000	940	955	964	899	990	839	1002	782	992	747	966	
23	34	1201	967	1175	998	1132	1018	1109	1037	
23	35	1293	895	1344	875	1372	858	1413	857	1467	846	
23	33	1197	877	1205	846	1240	797	1263	782	1343	745	1395	714	1445	686	1476	656	
24	32	405	856	475	885	507	906	544	889	565	876	611	905	666	924	
24	29	411	814	438	801	482	771	581	734	
24	27	371	775	409	749	363	725	417	699	496	662	537	640	495	597	481	556	458	535	
25	29	825	610	743	665	
25	30	950	529	1005	496	1080	455	
25	28	939	511	890	484	854	467	889	433	955	410	930	375	869	351	835	323		
28	31	943	280	1026	269	1106	268	1151	254	1221	277	1298	317	
30	31	1188	376	1241	344	1277	317	1305	325	
31	33	1398	380	1448	407	1468	422	1447	459	1429	486	1477	536	
32	34	760	978	814	1016	880	1034	928	1045	994	1050	1035	1062	
33	35	1504	657	1524	696	1545	728	1560	758	1550	794	
36	37	1762	683	1771	740	1790	774	1801	830	1774	864	
