66	69	1415	649	1449	685	1502	721	1532	755	1525	795	1470	840	1410	885	1386	893	1371	916
56	57	466	186	584	178	
57	58	759	157	810	145	865	144	906	149	966	151	
57	60	631	248	615	306	619	355	615	403	
57	61	697	244	720	289	763	310	828	343	873	383	
58	62	1105	172	1170	193	1237	231	1271	274	
56	59	374	264	364	312	
59	63	332	460	305	496	304	547	303	593	308	659	283	710	
60	64	581	516	571	557	570	617	586	703	586	782	
61	65	939	452	969	504	1016	571	1058	605	1088	650	1114	681	
62	66	1205	345	1200	397	1236	446	1286	511	1347	571	
63	67	234	825	241	872	256	926	
64	67	479	855	412	891	346	931	
64	68	605	870	660	895	781	933	908	950	
65	68	1145	785	1132	815	1089	887	1033	923		
67	70	358	989	435	990	487	979	542	986	563	985	593	1004	619	1009	
68	70	944	988	880	1011	809	1030	
68	69	1057	972	1137	979	1239	981	1318	962	
