44	45	878	442	906	408	903	362	879	315	851	281	853	260
38	40	244	741	265	711	297	665	343	624	
39	40	270	470	322	514	
39	41	210	365	244	304	281	257	
40	42	430	626	478	658	542	673	
40	43	427	546	452	522	480	477	517	440	
42	44	653	652	672	605	716	555	765	527	826	490	
43	44	614	416	676	451	768	471		
44	47	903	414	977	354	1042	306	
46	48	1123	651	1168	611	1226	583	1273	543	
47	48	1148	303	1188	342	1208	401	1244	440	
48	50	1226	419	1220	374	1263	326	1293	298	1315	258	
48	49	1315	551	1328	608	1353	650	1391	724	
