98	102	1098	721	1137	790	1204	838	1274	846	
93	96	438	707	
92	96	260	587	333	631	443	642	
91	92	300	358	266	398	233	436	
90	91	630	205	527	249	439	258	
90	94	841	108	912	113	981	138	
94	103	1157	204	1238	202	
95	96	747	492	683	553	
94	95	969	212	916	246	864	305	
95	97	1015	338	
96	99	638	708	708	763	779	798	
98	99	1013	779	
97	98	1080	524	1038	585	
97	103	1182	374	1260	314	1334	244	
101	102	1461	673	1463	716	1432	772	
100	101	1336	414	1314	457	1332	500	1372	558	
100	103	1430	330	1440	271	1416	217	
