10708	10710	0.081	0.182	0.289	0.392	0.491	0.588	0.691	0.8	0.908
10701	10702	0.085	0.167	0.239	0.301	0.358	0.411	0.462	0.512	0.56	0.609	0.658	0.708	0.76	0.814	0.872	0.933
10701	10703	0.138	0.263	0.37	0.468	0.56	0.651	0.742	0.832	0.919
10701	10704	0.087	0.182	0.272	0.355	0.434	0.513	0.595	0.684	0.779	0.869	0.941
10702	10705	0.081	0.177	0.29	0.426	0.578	0.73	0.871
10703	10706	0.118	0.225	0.31	0.383	0.45	0.513	0.573	0.632	0.691	0.75	0.811	0.872	0.935
10704	10707	0.063	0.124	0.181	0.236	0.29	0.344	0.397	0.451	0.507	0.564	0.625	0.692	0.768	0.862
10705	10708	0.076	0.182	0.284	0.364	0.433	0.494	0.553	0.609	0.665	0.722	0.78	0.843	0.914
10706	10709	0.065	0.129	0.19	0.25	0.309	0.367	0.424	0.48	0.536	0.592	0.648	0.705	0.762	0.819	0.878	0.937
10707	10709	0.12	0.25	0.386	0.528	0.676	0.831
10709	10710	0.026	0.053	0.083	0.115	0.149	0.185	0.225	0.268	0.315	0.366	0.421	0.478	0.538	0.598	0.659	0.719	0.779	0.837	0.893	0.947
