10501	10502	0.034	0.071	0.111	0.155	0.202	0.255	0.314	0.38	0.455	0.538	0.625	0.712	0.794	0.869	0.937
10502	10503	0.121	0.249	0.386	0.531	0.683	0.84
10503	10504	0.271	0.542	0.739	0.884
10504	10505	0.147	0.267	0.375	0.478	0.579	0.68	0.785	0.892
10504	10506	0.088	0.178	0.269	0.36	0.451	0.543	0.634	0.726	0.817	0.908
10505	10506	0.089	0.191	0.31	0.449	0.61	0.794
10506	10511	0.089	0.196	0.327	0.49	0.681	0.86
10507	10508	0.078	0.166	0.262	0.364	0.471	0.577	0.683	0.788	0.893
10508	10509	0.27	0.45	0.612	0.788
10509	10510	0.087	0.193	0.32	0.47	0.656	0.861
10510	10511	0.083	0.178	0.292	0.435	0.629	0.843
