10903	10907	0.173	0.282	0.371	0.453	0.531	0.608	0.685	0.764	0.844	0.924
10901	10902	0.097	0.189	0.27	0.342	0.408	0.471	0.531	0.591	0.649	0.707	0.766	0.825	0.884	0.942
10902	10903	0.062	0.135	0.222	0.325	0.441	0.56	0.668	0.759	0.834	0.897	0.951
10902	10904	0.05	0.109	0.181	0.271	0.388	0.529	0.66	0.76	0.838	0.9	0.953
10903	10909	0.052	0.106	0.161	0.219	0.277	0.336	0.395	0.453	0.51	0.565	0.618	0.669	0.717	0.763	0.807	0.849	0.889	0.927	0.964
10904	10905	0.082	0.168	0.253	0.336	0.415	0.493	0.568	0.642	0.714	0.787	0.858	0.929
10904	10907	0.054	0.116	0.186	0.266	0.348	0.428	0.5	0.563	0.619	0.667	0.711	0.75	0.786	0.819	0.85	0.878	0.905	0.93	0.954	0.977
10905	10906	0.085	0.218	0.55	0.801	0.918
10906	10907	0.036	0.076	0.119	0.167	0.218	0.274	0.336	0.403	0.474	0.549	0.625	0.7	0.771	0.837	0.897	0.95
10907	10908	0.049	0.102	0.16	0.223	0.291	0.363	0.44	0.523	0.611	0.706	0.807	0.907
10907	10910	0.133	0.29	0.463	0.643	0.824
10907	10911	0.062	0.133	0.217	0.315	0.431	0.565	0.708	0.855
10908	10909	0.158	0.328	0.494	0.645	0.778	0.895
10910	10912	0.102	0.202	0.301	0.397	0.49	0.58	0.664	0.742	0.815	0.881	0.942
10911	10912	0.061	0.134	0.222	0.33	0.456	0.586	0.716	0.85
