9008	9041	742	1606	722	1609	694	1623	673	1629	646	1632	629	1633	611	1636	587	1636	559	1641	539	1642	517	1645	484	1644	471	1642	457	1645	441	1639	427	1639	411	1632	399	1623	389	1617
9013	9028	1191	1079	1189	1088	1185	1101	1179	1116	1162	1129	1144	1152	1128	1165	1115	1179	1092	1192	1070	1207	1040	1223	1021	1234	1000	1253	988	1267	970	1277	958	1292	930	1308
9004	9050	275	1132	305	1134	336	1138	356	1135	381	1131	411	1121	433	1112	453	1103	478	1097	500	1085	517	1074	527	1056
9004	9026	232	1138	219	1159	217	1180	216	1208	213	1229	214	1252	214	1271	217	1292	223	1308	231	1322	237	1335
9002	9004	253	922	251	949	259	986	262	1004	263	1024	259	1047	257	1068	251	1088	243	1106
9007	9026	509	1401	490	1399	469	1398	457	1398	439	1396	415	1395	396	1395	365	1396	344	1393	322	1392	305	1387	289	1384	275	1377	266	1374	254	1365
9009	9050	641	1205	623	1183	609	1165	596	1147	584	1124	575	1098	566	1077	548	1049
9007	9041	515	1417	500	1434	494	1451	484	1465	471	1486	457	1501	445	1525	430	1542	421	1563	415	1577	399	1592
9007	9028	547	1402	567	1401	579	1399	603	1398	618	1393	635	1393	655	1393	672	1390	690	1384	711	1380	736	1378	751	1374	772	1368	790	1363	812	1359	827	1355	846	1346	870	1341	892	1328
9008	9028	770	1586	781	1568	790	1548	796	1533	806	1511	810	1492	818	1477	830	1462	840	1447	848	1432	858	1420	867	1401	878	1381	891	1364	903	1335
9008	9053	775	1592	796	1593	806	1589	822	1592	837	1592	855	1590	873	1593	892	1593	912	1592	928	1589	945	1589	961	1589	979	1589	1001	1584	1024	1584
9002	9005	272	919	296	916	314	919	338	913	351	909	369	906	392	898	414	892	436	886	460	875	480	869	496	861	521	854	539	849	557	833	575	816
9002	9003	240	898	231	881	228	864	228	846	229	824	228	793	232	764	235	742	243	720	250	697	269	669
9005	9050	597	812	606	828	615	860	615	885	611	912	608	936	600	957	588	979	578	995	570	1004	560	1016	548	1027
9009	9040	675	1210	684	1197	699	1183	709	1177	724	1167	743	1158	760	1147	773	1132	788	1121	803	1109	819	1095	830	1086	842	1074	854	1065	863	1050	873	1037
9003	9027	307	657	324	657	345	660	369	657	398	651	412	649	436	649	456	644	475	635	500	629	524	617	544	612	566	605	585	591	602	579	627	560
9003	9025	293	638	304	621	314	591	322	576	329	562	338	545	347	520	347	497	351	475
9009	9028	664	1231	667	1243	681	1252	684	1265	696	1268	705	1277	718	1283	736	1292	758	1295	788	1301	815	1304	846	1308	875	1304	894	1310
9012	9053	1223	1359	1211	1365	1198	1375	1183	1386	1171	1393	1158	1407	1146	1420	1132	1440	1115	1457	1104	1472	1091	1495	1080	1520	1074	1539	1064	1563
9012	9042	1240	1361	1246	1374	1256	1384	1259	1396	1267	1407	1268	1422	1279	1431	1285	1453	1290	1472	1298	1487	1299	1504	1302	1520	1305	1538	1307	1551	1316	1571	1322	1583
9042	9053	1305	1603	1285	1617	1264	1617	1243	1617	1222	1621	1198	1621	1174	1620	1152	1618	1126	1612	1100	1606	1082	1602	1070	1595	1061	1593	1047	1586
9013	9040	1176	1067	1153	1067	1132	1073	1115	1074	1095	1074	1073	1079	1046	1076	1015	1076	985	1070	958	1061	939	1059	915	1047	897	1031
9011	9040	881	767	878	782	878	797	878	810	870	830	873	851	869	870	872	894	873	924	876	946	879	964	882	983	881	1001
9005	9011	606	799	621	800	646	800	664	800	688	791	705	785	724	779	751	776	778	769	799	763	827	758	864	749
9011	9027	872	721	861	702	845	682	830	664	815	645	793	626	772	600	752	590	731	579	711	570	691	559	670	547	657	536
9011	9038	910	742	922	749	939	751	951	754	968	757	982	761	1001	761	1025	770	1047	769	1074	769	1094	769	1123	772	1147	766	1164	761	1194	749
9013	9038	1194	1050	1195	1024	1201	998	1204	968	1204	945	1210	912	1216	894	1219	863	1220	839	1222	806	1220	782	1216	755
9013	9051	1207	1059	1222	1064	1238	1064	1258	1064	1273	1062	1301	1058	1332	1055	1358	1053	1383	1047	1410	1049	1441	1044	1466	1044	1492	1043	1513	1043	1536	1046	1565	1049	1595	1050
9012	9034	1241	1347	1252	1350	1277	1352	1304	1353	1319	1352	1329	1349	1352	1349	1371	1344	1392	1343	1408	1340	1429	1334	1445	1332	1465	1325	1480	1320	1501	1310	1516	1299
9006	9025	317	232	313	248	313	269	311	290	313	308	316	323	320	339	323	357	330	375	338	390	350	409	354	430
9006	9048	333	222	345	232	357	241	366	247	383	257	395	269	409	274	429	287	450	293	469	302	484	308	511	317	533	326	559	332	584	338	612	344	639	353	658	354	678	360	708	366	739	377	763	384	787	387	810	398	837	404	851	406
9006	9035	335	211	351	210	368	207	381	202	395	196	408	193	429	189	457	183	477	183	491	175	512	178	544	178	567	178	596	178
9010	9035	918	184	884	189	857	195	833	196	813	196	788	195	772	195	755	193	736	192	722	189	705	187	685	184	667	180	645	175
9010	9048	936	199	927	210	924	222	921	235	915	248	906	265	903	277	898	295	892	310	883	329	881	345	876	363	875	384	870	395
9027	9048	658	529	676	518	687	509	700	502	715	497	727	491	737	480	752	472	769	468	794	454	815	447	834	435	849	421
9029	9038	1131	512	1131	529	1138	547	1141	564	1146	573	1150	597	1153	614	1161	627	1170	644	1173	657	1180	678	1188	688	1198	702	1207	720
9010	9036	960	180	967	183	988	177	1004	180	1012	177	1027	177	1046	174	1059	174	1088	174	1110	174	1135	172	1153	171	1186	166	1214	165
9029	9036	1126	468	1129	442	1132	418	1137	398	1144	374	1153	354	1162	332	1171	316	1180	298	1192	275	1201	256	1210	238	1217	225	1228	211	1238	180
9014	9029	1377	341	1368	354	1359	365	1353	377	1335	392	1323	402	1310	411	1293	420	1274	438	1255	448	1238	462	1222	471	1207	481	1182	485	1150	487
9014	9049	1405	329	1419	341	1435	345	1447	356	1463	362	1475	366	1495	371	1516	375	1538	380	1572	383	1595	380	1618	377	1642	371
9014	9037	1396	317	1410	317	1423	304	1429	295	1441	278	1457	263	1471	247	1486	229	1496	214	1513	201	1525	190	1544	175	1559	166
9016	9037	1876	159	1852	161	1815	161	1788	158	1763	155	1738	153	1723	150	1703	150	1680	149	1657	147	1636	147	1615	147	1592	152
9016	9049	1882	175	1873	180	1866	195	1857	208	1849	220	1839	231	1827	247	1815	260	1799	271	1788	286	1773	301	1759	314	1741	329	1718	342	1688	357
9016	9030	1899	174	1905	187	1912	202	1909	219	1912	243	1917	259	1914	277	1912	305	1915	327	1912	350	1906	371	1908	396	1911	420	1905	439
9031	9049	1556	565	1559	551	1569	536	1577	526	1587	511	1598	497	1606	484	1617	469	1635	450	1651	427	1659	403	1662	381
9030	9031	1888	484	1875	490	1864	500	1854	508	1835	515	1820	521	1794	532	1763	536	1741	548	1711	550	1688	559	1666	559	1642	562	1609	569	1587	573	1574	576
9030	9039	1911	485	1909	499	1912	517	1911	533	1912	551	1912	564	1906	584	1906	608	1905	626	1906	642	1908	658	1909	673	1911	688	1917	703
9024	9039	2122	614	2116	624	2104	639	2088	657	2063	679	2030	696	1996	705	1967	712	1946	717
9015	9039	1683	825	1696	831	1730	825	1748	818	1765	813	1787	809	1811	802	1829	790	1852	778	1875	764	1896	745	1914	730
9015	9031	1642	809	1630	788	1620	779	1606	757	1599	731	1587	703	1583	678	1577	652	1571	627	1557	605
9015	9032	1651	834	1633	843	1615	846	1598	851	1581	851	1565	854	1554	855	1529	857	1499	864	1478	864	1460	866	1446	870	1432	872	1413	875
9032	9051	1408	884	1417	891	1425	897	1440	901	1457	915	1477	924	1495	937	1510	955	1524	973	1548	997	1557	1010	1568	1028	1590	1037
9042	9043	1352	1588	1371	1581	1392	1577	1419	1571	1431	1569	1454	1569	1485	1569	1510	1563	1533	1563	1567	1561	1590	1561	1609	1563
9018	9043	1930	1594	1905	1596	1874	1596	1855	1590	1832	1590	1809	1588	1773	1581	1751	1577	1723	1569	1698	1569	1675	1565	1648	1558
9018	9052	1949	1573	1942	1552	1936	1531	1924	1511	1913	1488	1901	1467	1888	1446	1874	1427	1855	1404	1840	1387	1826	1373
9034	9052	1542	1281	1563	1296	1586	1302	1617	1306	1642	1308	1671	1312	1696	1321	1730	1329	1759	1339	1782	1348	1798	1354
9033	9034	1936	1206	1911	1212	1884	1212	1849	1218	1811	1218	1778	1225	1740	1231	1702	1235	1659	1245	1625	1252	1596	1264	1556	1273
9033	9051	1940	1187	1915	1174	1899	1158	1878	1156	1863	1143	1844	1135	1832	1122	1813	1118	1790	1106	1773	1101	1750	1095	1730	1087	1715	1083	1698	1074	1682	1070	1665	1060	1650	1058	1634	1051
9017	9033	1982	991	1976	1021	1973	1044	1967	1076	1963	1101	1961	1126	1958	1146	1957	1174
9017	9039	1985	946	1982	919	1982	901	1982	891	1976	870	1970	845	1964	821	1955	799	1948	778	1933	746
9024	9044	2142	584	2151	570	2160	556	2170	540	2177	523	2184	502	2191	485	2198	450	2203	420	2210	391	2213	373
9019	9044	2382	168	2372	175	2365	184	2342	200	2333	213	2321	226	2304	240	2290	255	2278	276	2260	285	2259	302	2241	314	2226	332
9019	9054	2431	154	2452	153	2469	153	2485	151	2500	153	2520	154	2539	160	2574	161	2622	172	2657	175	2720	186
9019	9055	2417	173	2436	189	2450	203	2464	215	2474	229	2492	252	2504	269	2516	292	2530	314	2540	326	2551	356
9001	9054	2827	424	2826	401	2820	373	2815	349	2810	311	2796	281	2786	241	2770	217	2754	200
9020	9055	2587	626	2591	598	2591	573	2589	546	2587	523	2587	502	2589	474	2579	443	2570	417	2560	393
9020	9056	2594	662	2603	666	2615	676	2627	683	2640	693	2652	704	2669	709	2680	720	2697	730	2709	733	2718	739	2737	749	2753	760	2768	768	2782	779	2798	787	2805	798	2808	810	2815	822
9023	9056	2834	1156	2843	1133	2845	1102	2850	1081	2855	1052	2850	1019	2847	989	2848	965	2845	940	2843	913	2840	892	2831	853
9020	9044	2560	633	2537	620	2514	598	2497	579	2474	556	2453	532	2434	509	2412	488	2393	464	2368	443	2346	422	2326	412	2309	394	2283	377	2259	358	2236	351
9020	9045	2565	662	2544	667	2525	673	2504	678	2478	688	2452	699	2431	711	2407	723	2384	735	2356	753
9020	9057	2584	667	2582	678	2586	692	2587	709	2584	723	2584	742	2582	761	2582	782	2582	800	2580	817	2575	836	2575	860	2573	880	2570	895
9023	9057	2815	1158	2796	1144	2765	1133	2739	1118	2711	1092	2688	1066	2662	1047	2645	1022	2626	1000	2612	979	2598	954	2579	925
9023	9047	2820	1184	2822	1196	2819	1210	2812	1226	2808	1247	2801	1262	2791	1281	2784	1307	2774	1335	2765	1360	2763	1382	2756	1407	2753	1427	2749	1459
9023	9058	2812	1175	2793	1184	2779	1189	2758	1189	2747	1200	2716	1200	2690	1200	2666	1200	2648	1203	2626	1198	2601	1198	2580	1198	2561	1206
9021	9057	2299	1010	2320	1000	2339	994	2365	994	2391	989	2408	979	2422	980	2441	975	2467	970	2497	960	2516	951	2539	939	2551	923
9021	9045	2274	998	2273	973	2273	953	2276	932	2276	906	2281	887	2285	867	2292	850	2299	833	2309	815	2314	793
9021	9058	2280	1024	2292	1031	2295	1048	2307	1057	2321	1066	2335	1076	2354	1086	2370	1097	2389	1107	2408	1114	2424	1130	2441	1135	2460	1146	2476	1154	2492	1166	2507	1179	2516	1191	2525	1203
9046	9058	2269	1299	2292	1300	2313	1300	2332	1297	2351	1295	2373	1290	2394	1283	2410	1280	2426	1276	2447	1267	2464	1262	2474	1255	2487	1248	2506	1238	2520	1229
9021	9046	2278	1034	2281	1045	2288	1066	2290	1090	2295	1120	2299	1147	2295	1179	2299	1201	2292	1226	2288	1246	2281	1267	2267	1285
9047	9058	2732	1466	2714	1450	2700	1427	2685	1405	2673	1387	2657	1370	2641	1339	2627	1314	2613	1288	2596	1264	2582	1247	2565	1233	2549	1224
9022	9047	2413	1570	2429	1572	2452	1567	2471	1567	2497	1565	2518	1565	2547	1567	2582	1561	2608	1554	2629	1549	2662	1546	2683	1540	2713	1532	2739	1507
9022	9046	2377	1553	2377	1533	2367	1527	2354	1507	2337	1493	2325	1471	2313	1448	2300	1420	2290	1389	2280	1354	2276	1330	2266	1314
