9073	9082	2683	573	2661	588	2636	604	2612	616	2576	634	2543	644	2508	648	2471	642
9059	9060	361	191	411	188	462	174	505	160	526	152
9082	9083	2471	635	2504	653	2532	667	2564	682	2592	694	2620	716
9060	9061	667	136	706	142	747	155	785	168
9060	9070	618	205	632	245	651	288	658	320
9069	9070	450	326	500	327	545	332	597	338
9070	9077	722	481	726	515	726	547
9075	9077	536	702	562	683	593	665	645	641	
9074	9075	298	613	335	622	375	645	398	673	
9075	9084	395	825	360	845	323	863	281	877
9084	9085	231	946	253	965	271	995	308	1012	322	1028
9075	9086	505	833	522	865	546	893	578	922	615	953
9086	9087	785	1015	857	1030	911	1028	961	1033
9094	9101	615	1233	611	1280	608	1313
9087	9095	1041	1092	1020	1140	985	1171	945	1213
9095	9101	805	1295	770	1313	735	1322	695	1362
9093	9101	426	1342	467	1356	502	1371	548	1388
9093	9103	282	1435	285	1473	290	1498	296	1527
9101	9104	698	1497	736	1525	773	1547
9104	9105	963	1585	1007	1570	1053	1555
9095	9096	983	1288	1042	1288	1105	1285	1152	1273
9096	9105	1236	1317	1222	1371	1203	1418	1172	1462
9105	9106	1233	1508	1290	1531	1333	1550	1357	1562
9106	9107	1558	1610	1618	1600	1673	1586	1731	1583
9097	9107	1712	1433	1741	1468	1757	1507	1782	1551
9096	9097	1360	1231	1418	1238	1467	1260	1517	1292
9087	9088	1147	1020	1208	1012	1248	1005
9088	9096	1317	1058	1286	1091	1263	1132	1252	1172
9088	9089	1557	1031	1613	1038	1656	1041
9089	9090	1843	1017	1913	988	1961	962	2012	925	2061	893
9090	9091	2248	886	2311	907	2365	935	2408	965
9083	9090	2538	767	2467	776	2386	778	2317	793	2277	810	2223	828	
9071	9081	2032	542	2028	576	2018	622	
9064	9067	2451	166	2420	171	2381	185	
9064	9072	2528	210	2510	242	2488	275	2468	315	
9062	9063	1176	231	1192	268	1203	312	1218	350	1235	393	
9099	9100	2316	1083	2348	1088	2403	1106	2445	1123	2486	1151	2535	1178	
9102	9107	2145	1431	2090	1455	2050	1490	1988	1525	1950	1551	1901	1580
9098	9102	2086	1293	2130	1306	2166	1323
9081	9082	2092	676	2176	651	2230	621	2295	608
9071	9072	2148	433	2213	417	2257	417	2315	406
9072	9073	2507	423	2551	443	2595	458	2645	490
9068	9073	2802	340	2792	393	2776	438	2761	480
9064	9068	2643	163	2678	173	2702	190
9066	9072	2120	276	2160	300	2201	320	2241	343	2283	357
9066	9067	2125	226	2177	227	2218	217
9065	9066	1638	177	1720	172	1805	172	1872	180	1938	192
9063	9065	1298	401	1325	355	1351	320	1380	291	1422	262
9063	9076	1357	432	1415	432	1466	441	1508	470
9076	9079	1475	558	1445	601	1420	650
9076	9080	1603	541	1645	571	1670	616	1693	666
9078	9079	1151	692	1210	710	1266	723
9077	9078	820	623	891	627	953	633	1006	645
9061	9062	948	227	1005	228	1051	215
9091	9092	2666	1040	2703	1040	2730	1036
9092	9100	2795	1108	2763	1146	2726	1166	2676	1196	2651	1218
9097	9098	1786	1371	1836	1351	1891	1326	1930	1306
9098	9099	2075	1228	2120	1196	2165	1158	2195	1126
9100	9102	2478	1276	2420	1285	2353	1310
9100	9109	2580	1311	2580	1373	2575	1421	2555	1465	2538	1508
9102	9109	2395	1395	2435	1415	2465	1443	2481	1486
9102	9108	2250	1490	2226	1538	2193	1573
9109	9110	2580	1578	2623	1575	2671	1573	2705	1563
9081	9090	2054	741	2077	773	2096	797	2113	822	2129	836
9080	9081	1816	752	1863	752	1913	746	1960	736
