9073	9082	0.052	0.112	0.179	0.255	0.34	0.434	0.533	0.627	0.708	0.775	0.832	0.882	0.925	0.963
9059	9060	0.041	0.088	0.14	0.2	0.27	0.353	0.452	0.565	0.679	0.78	0.866	0.937
9082	9083	0.044	0.095	0.152	0.218	0.297	0.393	0.513	0.649	0.77	0.863	0.937
9060	9061	0.069	0.15	0.249	0.369	0.509	0.645	0.76	0.854	0.932
9060	9070	0.059	0.129	0.214	0.321	0.456	0.606	0.739	0.845	0.929
9069	9070	0.05	0.108	0.176	0.258	0.358	0.478	0.598	0.7	0.781	0.848	0.905	0.955
9070	9077	0.048	0.105	0.178	0.281	0.462	0.705	0.843	0.932
9075	9077	0.043	0.093	0.154	0.231	0.336	0.484	0.642	0.757	0.839	0.902	0.954
9074	9075	0.067	0.146	0.241	0.36	0.505	0.65	0.768	0.86	0.935
9075	9084	0.046	0.1	0.165	0.245	0.352	0.489	0.622	0.73	0.815	0.886	0.946
9084	9085	0.063	0.14	0.235	0.361	0.516	0.663	0.778	0.866	0.938
9075	9086	0.036	0.077	0.123	0.176	0.241	0.321	0.425	0.554	0.678	0.773	0.846	0.905	0.955
9086	9087	0.038	0.08	0.127	0.18	0.24	0.311	0.394	0.489	0.588	0.682	0.765	0.836	0.897	0.951
9094	9101	0.087	0.21	0.401	0.6	0.73	0.82	0.891	0.949
9087	9095	0.063	0.135	0.219	0.317	0.426	0.537	0.64	0.731	0.81	0.88	0.943
9095	9101	0.053	0.117	0.2	0.315	0.474	0.624	0.728	0.805	0.866	0.916	0.96
9093	9101	0.033	0.069	0.111	0.158	0.216	0.288	0.387	0.531	0.687	0.8	0.882	0.946
9093	9103	0.037	0.079	0.13	0.194	0.284	0.44	0.675	0.808	0.89	0.95
9101	9104	0.043	0.092	0.151	0.226	0.328	0.483	0.665	0.791	0.878	0.944
9104	9105	0.044	0.097	0.161	0.244	0.365	0.532	0.676	0.775	0.848	0.907	0.956
9095	9096	0.039	0.083	0.132	0.188	0.252	0.327	0.414	0.513	0.613	0.702	0.78	0.846	0.903	0.953
9096	9105	0.058	0.122	0.194	0.274	0.365	0.464	0.571	0.683	0.794	0.9
9105	9106	0.054	0.116	0.192	0.285	0.402	0.539	0.67	0.778	0.865	0.937
9106	9107	0.036	0.075	0.119	0.169	0.225	0.29	0.367	0.455	0.554	0.654	0.746	0.825	0.892	0.949
9097	9107	0.045	0.096	0.155	0.225	0.31	0.416	0.545	0.685	0.813	0.916
9096	9097	0.035	0.075	0.121	0.175	0.241	0.326	0.434	0.552	0.652	0.73	0.793	0.846	0.891	0.931	0.966
9087	9088	0.047	0.105	0.179	0.282	0.437	0.596	0.704	0.78	0.838	0.887	0.929	0.966
9088	9096	0.046	0.098	0.158	0.229	0.317	0.431	0.571	0.71	0.826	0.921
9088	9089	0.029	0.062	0.099	0.141	0.189	0.249	0.326	0.438	0.611	0.77	0.871	0.942
9089	9090	0.032	0.067	0.105	0.147	0.193	0.244	0.302	0.366	0.437	0.513	0.591	0.667	0.738	0.802	0.86	0.911	0.957
9090	9091	0.04	0.085	0.136	0.196	0.267	0.353	0.452	0.555	0.651	0.734	0.803	0.862	0.913	0.958
9083	9090	0.036	0.074	0.114	0.156	0.201	0.248	0.299	0.352	0.408	0.467	0.528	0.59	0.653	0.716	0.777	0.836	0.893	0.947
9071	9081	0.055	0.122	0.208	0.327	0.5	0.673	0.791	0.876	0.943
9064	9067	0.048	0.106	0.18	0.284	0.459	0.673	0.8	0.884	0.947
9064	9072	0.072	0.158	0.261	0.387	0.526	0.656	0.767	0.857	0.933
9062	9063	0.071	0.15	0.236	0.327	0.423	0.52	0.62	0.721	0.82	0.914
9099	9100	0.052	0.108	0.168	0.234	0.304	0.38	0.459	0.54	0.619	0.695	0.766	0.831	0.892	0.947
9102	9107	0.03	0.063	0.099	0.138	0.18	0.227	0.279	0.336	0.399	0.468	0.541	0.616	0.688	0.755	0.815	0.869	0.917	0.96
9098	9102	0.05	0.111	0.187	0.292	0.446	0.622	0.745	0.832	0.898	0.952
9081	9082	0.054	0.111	0.171	0.235	0.302	0.372	0.444	0.519	0.594	0.67	0.743	0.814	0.88	0.942
9071	9072	0.04	0.086	0.139	0.202	0.279	0.373	0.482	0.591	0.685	0.761	0.823	0.876	0.922	0.962
9072	9073	0.042	0.091	0.149	0.219	0.308	0.421	0.548	0.658	0.745	0.813	0.87	0.918	0.961
9068	9073	0.042	0.09	0.144	0.208	0.284	0.378	0.49	0.612	0.73	0.835	0.924
9064	9068	0.045	0.099	0.168	0.263	0.435	0.673	0.802	0.885	0.948
9066	9072	0.031	0.066	0.106	0.153	0.209	0.279	0.373	0.495	0.617	0.707	0.774	0.826	0.87	0.908	0.941	0.971
9066	9067	0.047	0.1	0.164	0.243	0.345	0.484	0.642	0.769	0.864	0.938
9065	9066	0.03	0.063	0.097	0.134	0.173	0.214	0.259	0.308	0.36	0.415	0.475	0.537	0.602	0.667	0.73	0.791	0.849	0.902	0.952
9063	9065	0.075	0.165	0.269	0.384	0.496	0.596	0.681	0.752	0.814	0.868	0.916	0.959
9063	9076	0.055	0.116	0.184	0.259	0.344	0.439	0.548	0.665	0.785	0.898
9076	9079	0.053	0.116	0.192	0.285	0.399	0.529	0.66	0.773	0.864	0.937
9076	9080	0.061	0.131	0.209	0.298	0.397	0.502	0.606	0.703	0.79	0.867	0.936
9078	9079	0.083	0.174	0.273	0.379	0.489	0.598	0.698	0.788	0.867	0.937
9077	9078	0.047	0.098	0.155	0.219	0.29	0.369	0.456	0.548	0.64	0.727	0.806	0.877	0.941
9061	9062	0.049	0.107	0.175	0.259	0.368	0.508	0.651	0.769	0.861	0.936
9091	9092	0.03	0.064	0.104	0.15	0.208	0.288	0.441	0.739	0.867	0.943
9092	9100	0.064	0.137	0.219	0.312	0.41	0.51	0.607	0.697	0.781	0.858	0.931
9097	9098	0.029	0.061	0.097	0.137	0.182	0.236	0.301	0.384	0.489	0.607	0.718	0.81	0.885	0.946
9098	9099	0.061	0.129	0.204	0.288	0.381	0.483	0.592	0.703	0.809	0.908
9100	9102	0.052	0.113	0.184	0.27	0.371	0.485	0.598	0.696	0.778	0.846	0.904	0.954
9100	9109	0.052	0.109	0.172	0.241	0.318	0.403	0.495	0.592	0.687	0.777	0.858	0.932
9102	9109	0.032	0.069	0.11	0.157	0.212	0.282	0.377	0.519	0.667	0.78	0.867	0.938
9102	9108	0.043	0.092	0.149	0.219	0.309	0.431	0.579	0.719	0.834	0.925
9109	9110	0.051	0.111	0.185	0.278	0.404	0.558	0.687	0.779	0.85	0.907	0.956
9081	9090	0.078	0.168	0.272	0.395	0.539	0.698	0.857
9080	9081	0.049	0.104	0.166	0.239	0.324	0.426	0.541	0.658	0.763	0.854	0.931
